Unity data 
0 
0 
0 
0 
0 
0 
0 
0 
0 
0 
0 
0 
0 
0 
0 
0 
0 
0 
0 
0 
0 
0 
0 
0 
0 
0 
0 
0 
0 
0 
0 
0 
0 
0 
0 
0 
0 
0 
0 
0 
0 
0 
0 
0 
0 
0 
0 
0 
0 
0 
0 
0 
0 
0 
0 
0 
0 
0 
0 
0 
0 
0 
0 
0 
0 
0 
0 
0 
0 
0 
0 
0 
0 
0 
0 
0 
0 
0 
0 
0 
0 
0 
0 
0 
0 
0 
0 
0 
0 
0 
0 
0 
0 
0 
0 
0 
0 
0 
0 
0 
0 
0 
0 
0 
0 
0 
0 
0 
0 
0 
0 
0 
0 
0 
0 
0 
0 
0 
0 
0 
0 
0 
0 
0 
0 
0 
0 
0 
0 
0 
0 
0 
0 
0 
0 
0 
0 
0 
0 
0 
0 
0 
0 
0 
0 
0 
0 
0 
0 
0 
0 
0 
0 
0 
0 
0 
0 
0 
0 
0 
0 
0 
0 
0 
0 
0 
0 
0 
0 
0 
0 
0 
0 
0 
0 
0 
0 
0 
0 
0 
0 
0 
0 
0 
0 
0 
0 
0 
0 
0 
0 
0 
0 
0 
0 
0 
0 
0 
0 
0 
0 
0 
0 
0 
0 
0 
0 
0 
0 
0 
0 
0 
0 
0 
0 
0 
0 
0 
0 
0 
0 
0 
0 
0 
0 
0 
0 
0 
0 
0 
0 
0 
0 
0 
0 
0 
0 
0 
0 
0 
0 
0 
0 
0 
0 
0 
0 
0 
0 
0 
0 
0 
0 
0 
0 
0 
0 
0 
0 
0 
0 
0 
0 
0 
0 
0 
0 
0 
0 
0 
0 
0 
0 
0 
0 
0 
0 
0 
0 
0 
0 
0 
0 
0 
0 
0 
0 
0 
0 
0 
0 
0 
0 
0 
0 
0 
0 
0 
0 
0 
0 
0 
0 
0 
0 
0 
0 
0 
0 
0 
0 
0 
0 
0 
0 
0 
0 
0 
0 
0 
0 
0 
0 
0 
0 
0 
0 
0 
0 
0 
0 
0 
0 
0 
0 
0 
0 
0 
0 
0 
0 
0 
0 
0 
0 
0 
0 
0 
0 
0 
0 
0 
0 
0 
0 
0 
0 
0 
0 
0 
0 
0 
0 
0 
0 
0 
0 
0 
0 
0 
0 
0 
0 
0 
0 
0 
0 
0 
0 
0 
0 
0 
0 
0 
0 
0 
0 
0 
0 
70889271 Setpoint: (-0.202, 1.537, 0.060); Drone position: (-0.281, 1.594, 0.086)

70889353 Setpoint: (-0.202, 1.537, 0.060); Drone position: (-0.335, 1.629, 0.103)

70889463 Setpoint: (-0.202, 1.537, 0.060); Drone position: (-0.425, 1.672, 0.127)

70889576 Setpoint: (-0.202, 1.537, 0.060); Drone position: (-0.485, 1.684, 0.142)

70889663 Setpoint: (-0.202, 1.537, 0.060); Drone position: (-0.537, 1.679, 0.151)

70889781 Setpoint: (-0.202, 1.537, 0.060); Drone position: (-0.581, 1.660, 0.156)

70889870 Setpoint: (-0.202, 1.537, 0.060); Drone position: (-0.617, 1.630, 0.158)

70889976 Setpoint: (-0.202, 1.537, 0.060); Drone position: (-0.646, 1.592, 0.157)

70890039 Setpoint: (-0.202, 1.537, 0.060); Drone position: (-0.661, 1.561, 0.154)

70890175 Setpoint: (-0.202, 1.537, 0.060); Drone position: (-0.680, 1.498, 0.146)

70890262 Setpoint: (-0.202, 1.537, 0.060); Drone position: (-0.683, 1.456, 0.137)

70890371 Setpoint: (-0.202, 1.537, 0.060); Drone position: (-0.680, 1.410, 0.125)

70890479 Setpoint: (-0.202, 1.537, 0.060); Drone position: (-0.673, 1.379, 0.116)

70890538 Setpoint: (-0.202, 1.537, 0.060); Drone position: (-0.659, 1.339, 0.101)

70890682 Setpoint: (-0.202, 1.537, 0.060); Drone position: (-0.632, 1.293, 0.080)

70890776 Setpoint: (-0.202, 1.537, 0.060); Drone position: (-0.607, 1.263, 0.063)

70890858 Setpoint: (-0.202, 1.537, 0.060); Drone position: (-0.588, 1.246, 0.051)

70890971 Setpoint: (-0.202, 1.537, 0.060); Drone position: (-0.548, 1.218, 0.029)

70891078 Setpoint: (-0.202, 1.537, 0.060); Drone position: (-0.530, 1.210, 0.021)

70891160 Setpoint: (-0.202, 1.537, 0.060); Drone position: (-0.492, 1.198, 0.004)

70891279 Setpoint: (-0.202, 1.537, 0.060); Drone position: (-0.466, 1.195, -0.006)

70891364 Setpoint: (-0.202, 1.537, 0.060); Drone position: (-0.448, 1.196, -0.011)

70891474 Setpoint: (-0.202, 1.537, 0.060); Drone position: (-0.421, 1.202, -0.017)

70891553 Setpoint: (-0.202, 1.537, 0.060); Drone position: (-0.409, 1.208, -0.019)

70891662 Setpoint: (-0.202, 1.537, 0.060); Drone position: (-0.397, 1.220, -0.017)

70891772 Setpoint: (-0.202, 1.537, 0.060); Drone position: (-0.389, 1.242, -0.010)

70891883 Setpoint: (-0.202, 1.537, 0.060); Drone position: (-0.390, 1.261, 0.001)

70891971 Setpoint: (-0.202, 1.537, 0.060); Drone position: (-0.397, 1.282, 0.015)

70892049 Setpoint: (-0.202, 1.537, 0.060); Drone position: (-0.404, 1.298, 0.027)

70892167 Setpoint: (-0.202, 1.537, 0.060); Drone position: (-0.424, 1.329, 0.053)

70892272 Setpoint: (-0.202, 1.537, 0.060); Drone position: (-0.445, 1.351, 0.074)

70892384 Setpoint: (-0.202, 1.537, 0.060); Drone position: (-0.469, 1.373, 0.097)

70892466 Setpoint: (-0.202, 1.537, 0.060); Drone position: (-0.494, 1.393, 0.121)

70892551 Setpoint: (-0.202, 1.537, 0.060); Drone position: (-0.513, 1.406, 0.138)

70892655 Setpoint: (-0.202, 1.537, 0.060); Drone position: (-0.541, 1.422, 0.161)

70892769 Setpoint: (-0.202, 1.537, 0.060); Drone position: (-0.577, 1.439, 0.188)

70892857 Setpoint: (-0.202, 1.537, 0.060); Drone position: (-0.596, 1.447, 0.202)

70892970 Setpoint: (-0.202, 1.537, 0.060); Drone position: (-0.629, 1.460, 0.223)

70893054 Setpoint: (-0.202, 1.537, 0.060); Drone position: (-0.645, 1.468, 0.233)

70893172 Setpoint: (-0.202, 1.537, 0.060); Drone position: (-0.672, 1.481, 0.245)

70893282 Setpoint: (-0.202, 1.537, 0.060); Drone position: (-0.689, 1.490, 0.250)

70893358 Setpoint: (-0.202, 1.537, 0.060); Drone position: (-0.699, 1.496, 0.251)

70893467 Setpoint: (-0.202, 1.537, 0.060); Drone position: (-0.711, 1.503, 0.250)

70893555 Setpoint: (-0.202, 1.537, 0.060); Drone position: (-0.720, 1.509, 0.245)

70893664 Setpoint: (-0.202, 1.537, 0.060); Drone position: (-0.725, 1.513, 0.235)

70893787 Setpoint: (-0.202, 1.537, 0.060); Drone position: (-0.728, 1.517, 0.218)

70893872 Setpoint: (-0.202, 1.537, 0.060); Drone position: (-0.726, 1.520, 0.201)

70893978 Setpoint: (-0.202, 1.537, 0.060); Drone position: (-0.722, 1.521, 0.181)

70894058 Setpoint: (-0.202, 1.537, 0.060); Drone position: (-0.719, 1.521, 0.171)

70894173 Setpoint: (-0.202, 1.537, 0.060); Drone position: (-0.708, 1.523, 0.144)

70894280 Setpoint: (-0.202, 1.537, 0.060); Drone position: (-0.697, 1.523, 0.124)

70894357 Setpoint: (-0.202, 1.537, 0.060); Drone position: (-0.690, 1.523, 0.111)

70894474 Setpoint: (-0.202, 1.537, 0.060); Drone position: (-0.674, 1.523, 0.088)

70894560 Setpoint: (-0.202, 1.537, 0.060); Drone position: (-0.666, 1.524, 0.078)

70894679 Setpoint: (-0.202, 1.537, 0.060); Drone position: (-0.646, 1.525, 0.055)

70894736 Setpoint: (-0.202, 1.537, 0.060); Drone position: (-0.638, 1.526, 0.047)

70894872 Setpoint: (-0.202, 1.537, 0.060); Drone position: (-0.621, 1.528, 0.031)

70894980 Setpoint: (-0.202, 1.537, 0.060); Drone position: (-0.607, 1.531, 0.020)

70895064 Setpoint: (-0.202, 1.537, 0.060); Drone position: (-0.595, 1.533, 0.014)

70895167 Setpoint: (-0.202, 1.537, 0.060); Drone position: (-0.587, 1.535, 0.010)

70895285 Setpoint: (-0.202, 1.537, 0.060); Drone position: (-0.572, 1.539, 0.007)

70895364 Setpoint: (-0.202, 1.537, 0.060); Drone position: (-0.562, 1.543, 0.006)

70895482 Setpoint: (-0.202, 1.537, 0.060); Drone position: (-0.552, 1.547, 0.008)

70895569 Setpoint: (-0.202, 1.537, 0.060); Drone position: (-0.543, 1.551, 0.012)

70895659 Setpoint: (-0.202, 1.537, 0.060); Drone position: (-0.538, 1.553, 0.014)

70895769 Setpoint: (-0.202, 1.537, 0.060); Drone position: (-0.530, 1.557, 0.021)

70895878 Setpoint: (-0.202, 1.537, 0.060); Drone position: (-0.525, 1.560, 0.027)

70895964 Setpoint: (-0.202, 1.537, 0.060); Drone position: (-0.522, 1.562, 0.033)

70896043 Setpoint: (-0.202, 1.537, 0.060); Drone position: (-0.520, 1.563, 0.038)

70896180 Setpoint: (-0.520, 1.563, 0.038); Drone position: (-0.517, 1.563, 0.047)

70896260 Setpoint: (-0.517, 1.563, 0.047); Drone position: (-0.516, 1.563, 0.053)

70896368 Setpoint: (-0.516, 1.563, 0.053); Drone position: (-0.516, 1.561, 0.058)

70896475 Setpoint: (-0.516, 1.563, 0.053); Drone position: (-0.513, 1.558, 0.057)

70896583 Setpoint: (-0.516, 1.563, 0.053); Drone position: (-0.513, 1.550, 0.061)

70896669 Setpoint: (-0.516, 1.563, 0.053); Drone position: (-0.517, 1.537, 0.063)

70896775 Setpoint: (-0.516, 1.563, 0.053); Drone position: (-0.524, 1.513, 0.065)

70896856 Setpoint: (-0.516, 1.563, 0.053); Drone position: (-0.530, 1.490, 0.067)

70896976 Setpoint: (-0.516, 1.563, 0.053); Drone position: (-0.546, 1.432, 0.073)

70897075 Setpoint: (-0.516, 1.563, 0.053); Drone position: (-0.563, 1.376, 0.080)

70897176 Setpoint: (-0.516, 1.563, 0.053); Drone position: (-0.583, 1.313, 0.089)

70897285 Setpoint: (-0.516, 1.563, 0.053); Drone position: (-0.610, 1.240, 0.099)

70897344 Setpoint: (-0.516, 1.563, 0.053); Drone position: (-0.626, 1.199, 0.106)

70897475 Setpoint: (-0.516, 1.563, 0.053); Drone position: (-0.665, 1.100, 0.121)

70897573 Setpoint: (-0.516, 1.563, 0.053); Drone position: (-0.693, 1.028, 0.129)

70897684 Setpoint: (-0.516, 1.563, 0.053); Drone position: (-0.720, 0.956, 0.136)

70897763 Setpoint: (-0.516, 1.563, 0.053); Drone position: (-0.735, 0.913, 0.139)

70897845 Setpoint: (-0.516, 1.563, 0.053); Drone position: (-0.760, 0.843, 0.142)

70897985 Setpoint: (-0.516, 1.563, 0.053); Drone position: (-0.788, 0.753, 0.141)

70898069 Setpoint: (-0.516, 1.563, 0.053); Drone position: (-0.808, 0.685, 0.138)

70898180 Setpoint: (-0.516, 1.563, 0.053); Drone position: (-0.826, 0.618, 0.132)

70898264 Setpoint: (-0.516, 1.563, 0.053); Drone position: (-0.842, 0.553, 0.125)

70898350 Setpoint: (-0.516, 1.563, 0.053); Drone position: (-0.851, 0.509, 0.118)

70898453 Setpoint: (-0.516, 1.563, 0.053); Drone position: (-0.860, 0.441, 0.108)

70898570 Setpoint: (-0.516, 1.563, 0.053); Drone position: (-0.862, 0.277, 0.096)

70898683 Setpoint: (-0.516, 1.563, 0.053); Drone position: (-0.929, 0.316, 0.097)

70898762 Setpoint: (-0.516, 1.563, 0.053); Drone position: (-0.973, 0.305, 0.100)

70898850 Setpoint: (-0.516, 1.563, 0.053); Drone position: (-0.978, 0.302, 0.090)

70898984 Setpoint: (-0.516, 1.563, 0.053); Drone position: (-0.946, 0.302, 0.078)

70899078 Setpoint: (-0.516, 1.563, 0.053); Drone position: (-0.951, 0.297, 0.080)

70899153 Setpoint: (-0.516, 1.563, 0.053); Drone position: (-0.967, 0.292, 0.079)

70899283 Setpoint: (-0.516, 1.563, 0.053); Drone position: (-0.964, 0.294, 0.079)

70899385 Setpoint: (-0.516, 1.563, 0.053); Drone position: (-0.969, 0.294, 0.078)

70899465 Setpoint: (-0.516, 1.563, 0.053); Drone position: (-0.968, 0.295, 0.078)

70899584 Setpoint: (-0.516, 1.563, 0.053); Drone position: (-0.969, 0.296, 0.079)

70899671 Setpoint: (-0.516, 1.563, 0.053); Drone position: (-0.968, 0.297, 0.079)

70899774 Setpoint: (-0.516, 1.563, 0.053); Drone position: (-0.967, 0.298, 0.080)

70899874 Setpoint: (-0.516, 1.563, 0.053); Drone position: (-0.964, 0.299, 0.080)

70899962 Setpoint: (-0.516, 1.563, 0.053); Drone position: (-0.962, 0.300, 0.081)

70900076 Setpoint: (-0.516, 1.563, 0.053); Drone position: (-0.959, 0.301, 0.081)

70900158 Setpoint: (-0.516, 1.563, 0.053); Drone position: (-0.957, 0.302, 0.081)

70900282 Setpoint: (-0.516, 1.563, 0.053); Drone position: (-0.952, 0.303, 0.082)

70900384 Setpoint: (-0.516, 1.563, 0.053); Drone position: (-0.948, 0.304, 0.082)

70900474 Setpoint: (-0.516, 1.563, 0.053); Drone position: (-0.945, 0.305, 0.082)

70900573 Setpoint: (-0.516, 1.563, 0.053); Drone position: (-0.942, 0.305, 0.082)

70900673 Setpoint: (-0.516, 1.563, 0.053); Drone position: (-0.938, 0.306, 0.083)

70900774 Setpoint: (-0.516, 1.563, 0.053); Drone position: (-0.936, 0.307, 0.083)

70900878 Setpoint: (-0.516, 1.563, 0.053); Drone position: (-0.933, 0.308, 0.083)

70900977 Setpoint: (-0.516, 1.563, 0.053); Drone position: (-0.931, 0.308, 0.083)

70901075 Setpoint: (-0.516, 1.563, 0.053); Drone position: (-0.930, 0.308, 0.083)

70901162 Setpoint: (-0.516, 1.563, 0.053); Drone position: (-0.928, 0.309, 0.083)

70901162 Setpoint: (-0.516, 1.563, 0.053); Drone position: (-0.928, 0.309, 0.083)

70901162 Setpoint: (-0.516, 1.563, 0.053); Drone position: (-0.928, 0.309, 0.083)

70901162 Setpoint: (-0.516, 1.563, 0.053); Drone position: (-0.928, 0.309, 0.083)

70901162 Setpoint: (-0.516, 1.563, 0.053); Drone position: (-0.928, 0.309, 0.083)

70901162 Setpoint: (-0.516, 1.563, 0.053); Drone position: (-0.928, 0.309, 0.083)

70901162 Setpoint: (-0.516, 1.563, 0.053); Drone position: (-0.928, 0.309, 0.083)

70901162 Setpoint: (-0.516, 1.563, 0.053); Drone position: (-0.928, 0.309, 0.083)

70901162 Setpoint: (-0.516, 1.563, 0.053); Drone position: (-0.928, 0.309, 0.083)

70901162 Setpoint: (-0.516, 1.563, 0.053); Drone position: (-0.928, 0.309, 0.083)

70901162 Setpoint: (-0.516, 1.563, 0.053); Drone position: (-0.928, 0.309, 0.083)

70901162 Setpoint: (-0.516, 1.563, 0.053); Drone position: (-0.928, 0.309, 0.083)

70901162 Setpoint: (-0.516, 1.563, 0.053); Drone position: (-0.928, 0.309, 0.083)

70901162 Setpoint: (-0.516, 1.563, 0.053); Drone position: (-0.928, 0.309, 0.083)

70901162 Setpoint: (-0.516, 1.563, 0.053); Drone position: (-0.928, 0.309, 0.083)

70901162 Setpoint: (-0.516, 1.563, 0.053); Drone position: (-0.928, 0.309, 0.083)

70901162 Setpoint: (-0.516, 1.563, 0.053); Drone position: (-0.928, 0.309, 0.083)

70901162 Setpoint: (-0.516, 1.563, 0.053); Drone position: (-0.928, 0.309, 0.083)

70901162 Setpoint: (-0.516, 1.563, 0.053); Drone position: (-0.928, 0.309, 0.083)

70901162 Setpoint: (-0.516, 1.563, 0.053); Drone position: (-0.928, 0.309, 0.083)

70901162 Setpoint: (-0.516, 1.563, 0.053); Drone position: (-0.928, 0.309, 0.083)

70901162 Setpoint: (-0.516, 1.563, 0.053); Drone position: (-0.928, 0.309, 0.083)

70901162 Setpoint: (-0.516, 1.563, 0.053); Drone position: (-0.928, 0.309, 0.083)

70901162 Setpoint: (-0.516, 1.563, 0.053); Drone position: (-0.928, 0.309, 0.083)

70901162 Setpoint: (-0.516, 1.563, 0.053); Drone position: (-0.928, 0.309, 0.083)

70901162 Setpoint: (-0.516, 1.563, 0.053); Drone position: (-0.928, 0.309, 0.083)

70901162 Setpoint: (-0.516, 1.563, 0.053); Drone position: (-0.928, 0.309, 0.083)

70901162 Setpoint: (-0.516, 1.563, 0.053); Drone position: (-0.928, 0.309, 0.083)

70901162 Setpoint: (-0.516, 1.563, 0.053); Drone position: (-0.928, 0.309, 0.083)

70901162 Setpoint: (-0.516, 1.563, 0.053); Drone position: (-0.928, 0.309, 0.083)

70901162 Setpoint: (-0.516, 1.563, 0.053); Drone position: (-0.928, 0.309, 0.083)

70901162 Setpoint: (-0.516, 1.563, 0.053); Drone position: (-0.928, 0.309, 0.083)

70901162 Setpoint: (-0.516, 1.563, 0.053); Drone position: (-0.928, 0.309, 0.083)

70901162 Setpoint: (-0.516, 1.563, 0.053); Drone position: (-0.928, 0.309, 0.083)

70901162 Setpoint: (-0.516, 1.563, 0.053); Drone position: (-0.928, 0.309, 0.083)

70901162 Setpoint: (-0.516, 1.563, 0.053); Drone position: (-0.928, 0.309, 0.083)

70901162 Setpoint: (-0.516, 1.563, 0.053); Drone position: (-0.928, 0.309, 0.083)

70901162 Setpoint: (-0.516, 1.563, 0.053); Drone position: (-0.928, 0.309, 0.083)

70901162 Setpoint: (-0.516, 1.563, 0.053); Drone position: (-0.928, 0.309, 0.083)

70901162 Setpoint: (-0.516, 1.563, 0.053); Drone position: (-0.928, 0.309, 0.083)

70901162 Setpoint: (-0.516, 1.563, 0.053); Drone position: (-0.928, 0.309, 0.083)

70901162 Setpoint: (-0.516, 1.563, 0.053); Drone position: (-0.928, 0.309, 0.083)

70901162 Setpoint: (-0.516, 1.563, 0.053); Drone position: (-0.928, 0.309, 0.083)

70901162 Setpoint: (-0.516, 1.563, 0.053); Drone position: (-0.928, 0.309, 0.083)

70901162 Setpoint: (-0.516, 1.563, 0.053); Drone position: (-0.928, 0.309, 0.083)

70901162 Setpoint: (-0.516, 1.563, 0.053); Drone position: (-0.928, 0.309, 0.083)

70901162 Setpoint: (-0.516, 1.563, 0.053); Drone position: (-0.928, 0.309, 0.083)

70901162 Setpoint: (-0.516, 1.563, 0.053); Drone position: (-0.928, 0.309, 0.083)

70901162 Setpoint: (-0.516, 1.563, 0.053); Drone position: (-0.928, 0.309, 0.083)

70901162 Setpoint: (-0.516, 1.563, 0.053); Drone position: (-0.928, 0.309, 0.083)

70901162 Setpoint: (-0.516, 1.563, 0.053); Drone position: (-0.928, 0.309, 0.083)

70901162 Setpoint: (-0.516, 1.563, 0.053); Drone position: (-0.928, 0.309, 0.083)

70901162 Setpoint: (-0.516, 1.563, 0.053); Drone position: (-0.928, 0.309, 0.083)

70901162 Setpoint: (-0.516, 1.563, 0.053); Drone position: (-0.928, 0.309, 0.083)

70901162 Setpoint: (-0.516, 1.563, 0.053); Drone position: (-0.928, 0.309, 0.083)

70901162 Setpoint: (-0.516, 1.563, 0.053); Drone position: (-0.928, 0.309, 0.083)

70901162 Setpoint: (-0.516, 1.563, 0.053); Drone position: (-0.928, 0.309, 0.083)

70901162 Setpoint: (-0.516, 1.563, 0.053); Drone position: (-0.928, 0.309, 0.083)

70901162 Setpoint: (-0.516, 1.563, 0.053); Drone position: (-0.928, 0.309, 0.083)

70901162 Setpoint: (-0.516, 1.563, 0.053); Drone position: (-0.928, 0.309, 0.083)

70901162 Setpoint: (-0.516, 1.563, 0.053); Drone position: (-0.928, 0.309, 0.083)

70901162 Setpoint: (-0.516, 1.563, 0.053); Drone position: (-0.928, 0.309, 0.083)

70901162 Setpoint: (-0.516, 1.563, 0.053); Drone position: (-0.928, 0.309, 0.083)

70901162 Setpoint: (-0.516, 1.563, 0.053); Drone position: (-0.928, 0.309, 0.083)

70901162 Setpoint: (-0.516, 1.563, 0.053); Drone position: (-0.928, 0.309, 0.083)

70901162 Setpoint: (-0.516, 1.563, 0.053); Drone position: (-0.928, 0.309, 0.083)

70901162 Setpoint: (-0.516, 1.563, 0.053); Drone position: (-0.928, 0.309, 0.083)

70901162 Setpoint: (-0.516, 1.563, 0.053); Drone position: (-0.928, 0.309, 0.083)

70901162 Setpoint: (-0.516, 1.563, 0.053); Drone position: (-0.928, 0.309, 0.083)

70901162 Setpoint: (-0.516, 1.563, 0.053); Drone position: (-0.928, 0.309, 0.083)

70901162 Setpoint: (-0.516, 1.563, 0.053); Drone position: (-0.928, 0.309, 0.083)

70901162 Setpoint: (-0.516, 1.563, 0.053); Drone position: (-0.928, 0.309, 0.083)

70901162 Setpoint: (-0.516, 1.563, 0.053); Drone position: (-0.928, 0.309, 0.083)

70901162 Setpoint: (-0.516, 1.563, 0.053); Drone position: (-0.928, 0.309, 0.083)

70901162 Setpoint: (-0.516, 1.563, 0.053); Drone position: (-0.928, 0.309, 0.083)

70901162 Setpoint: (-0.516, 1.563, 0.053); Drone position: (-0.928, 0.309, 0.083)

70901162 Setpoint: (-0.516, 1.563, 0.053); Drone position: (-0.928, 0.309, 0.083)

70901162 Setpoint: (-0.516, 1.563, 0.053); Drone position: (-0.928, 0.309, 0.083)

70901162 Setpoint: (-0.516, 1.563, 0.053); Drone position: (-0.928, 0.309, 0.083)

70901162 Setpoint: (-0.516, 1.563, 0.053); Drone position: (-0.928, 0.309, 0.083)

70901162 Setpoint: (-0.516, 1.563, 0.053); Drone position: (-0.928, 0.309, 0.083)

70901162 Setpoint: (-0.516, 1.563, 0.053); Drone position: (-0.928, 0.309, 0.083)

70901162 Setpoint: (-0.516, 1.563, 0.053); Drone position: (-0.928, 0.309, 0.083)

70901162 Setpoint: (-0.516, 1.563, 0.053); Drone position: (-0.928, 0.309, 0.083)

70901162 Setpoint: (-0.516, 1.563, 0.053); Drone position: (-0.928, 0.309, 0.083)

70901162 Setpoint: (-0.516, 1.563, 0.053); Drone position: (-0.928, 0.309, 0.083)

70901162 Setpoint: (-0.516, 1.563, 0.053); Drone position: (-0.928, 0.309, 0.083)

70901162 Setpoint: (-0.516, 1.563, 0.053); Drone position: (-0.928, 0.309, 0.083)

70901162 Setpoint: (-0.516, 1.563, 0.053); Drone position: (-0.928, 0.309, 0.083)

70901162 Setpoint: (-0.516, 1.563, 0.053); Drone position: (-0.928, 0.309, 0.083)

70901162 Setpoint: (-0.516, 1.563, 0.053); Drone position: (-0.928, 0.309, 0.083)

70901162 Setpoint: (-0.516, 1.563, 0.053); Drone position: (-0.928, 0.309, 0.083)

70901162 Setpoint: (-0.516, 1.563, 0.053); Drone position: (-0.928, 0.309, 0.083)

70901162 Setpoint: (-0.516, 1.563, 0.053); Drone position: (-0.928, 0.309, 0.083)

70901162 Setpoint: (-0.516, 1.563, 0.053); Drone position: (-0.928, 0.309, 0.083)

70901162 Setpoint: (-0.516, 1.563, 0.053); Drone position: (-0.928, 0.309, 0.083)

70901162 Setpoint: (-0.516, 1.563, 0.053); Drone position: (-0.928, 0.309, 0.083)

70901162 Setpoint: (-0.516, 1.563, 0.053); Drone position: (-0.928, 0.309, 0.083)

70901162 Setpoint: (-0.516, 1.563, 0.053); Drone position: (-0.928, 0.309, 0.083)

70901162 Setpoint: (-0.516, 1.563, 0.053); Drone position: (-0.928, 0.309, 0.083)

70901162 Setpoint: (-0.516, 1.563, 0.053); Drone position: (-0.928, 0.309, 0.083)

70901162 Setpoint: (-0.516, 1.563, 0.053); Drone position: (-0.928, 0.309, 0.083)

70901162 Setpoint: (-0.516, 1.563, 0.053); Drone position: (-0.928, 0.309, 0.083)

70901162 Setpoint: (-0.516, 1.563, 0.053); Drone position: (-0.928, 0.309, 0.083)

70901162 Setpoint: (-0.516, 1.563, 0.053); Drone position: (-0.928, 0.309, 0.083)

70901162 Setpoint: (-0.516, 1.563, 0.053); Drone position: (-0.928, 0.309, 0.083)

70901162 Setpoint: (-0.516, 1.563, 0.053); Drone position: (-0.928, 0.309, 0.083)

70901162 Setpoint: (-0.516, 1.563, 0.053); Drone position: (-0.928, 0.309, 0.083)

70901162 Setpoint: (-0.516, 1.563, 0.053); Drone position: (-0.928, 0.309, 0.083)

70901162 Setpoint: (-0.516, 1.563, 0.053); Drone position: (-0.928, 0.309, 0.083)

70901162 Setpoint: (-0.516, 1.563, 0.053); Drone position: (-0.928, 0.309, 0.083)

70901162 Setpoint: (-0.516, 1.563, 0.053); Drone position: (-0.928, 0.309, 0.083)

70901162 Setpoint: (-0.516, 1.563, 0.053); Drone position: (-0.928, 0.309, 0.083)

70901162 Setpoint: (-0.516, 1.563, 0.053); Drone position: (-0.928, 0.309, 0.083)

70901162 Setpoint: (-0.516, 1.563, 0.053); Drone position: (-0.928, 0.309, 0.083)

70901162 Setpoint: (-0.516, 1.563, 0.053); Drone position: (-0.928, 0.309, 0.083)

70901162 Setpoint: (-0.516, 1.563, 0.053); Drone position: (-0.928, 0.309, 0.083)

70901162 Setpoint: (-0.516, 1.563, 0.053); Drone position: (-0.928, 0.309, 0.083)

70901162 Setpoint: (-0.516, 1.563, 0.053); Drone position: (-0.928, 0.309, 0.083)

70901162 Setpoint: (-0.516, 1.563, 0.053); Drone position: (-0.928, 0.309, 0.083)

70901162 Setpoint: (-0.516, 1.563, 0.053); Drone position: (-0.928, 0.309, 0.083)

70901162 Setpoint: (-0.516, 1.563, 0.053); Drone position: (-0.928, 0.309, 0.083)

70901162 Setpoint: (-0.516, 1.563, 0.053); Drone position: (-0.928, 0.309, 0.083)

70901162 Setpoint: (-0.516, 1.563, 0.053); Drone position: (-0.928, 0.309, 0.083)

70901162 Setpoint: (-0.516, 1.563, 0.053); Drone position: (-0.928, 0.309, 0.083)

70901162 Setpoint: (-0.516, 1.563, 0.053); Drone position: (-0.928, 0.309, 0.083)

70901162 Setpoint: (-0.516, 1.563, 0.053); Drone position: (-0.928, 0.309, 0.083)

70901162 Setpoint: (-0.516, 1.563, 0.053); Drone position: (-0.928, 0.309, 0.083)

70901162 Setpoint: (-0.516, 1.563, 0.053); Drone position: (-0.928, 0.309, 0.083)

70901162 Setpoint: (-0.516, 1.563, 0.053); Drone position: (-0.928, 0.309, 0.083)

70901162 Setpoint: (-0.516, 1.563, 0.053); Drone position: (-0.928, 0.309, 0.083)

70901162 Setpoint: (-0.516, 1.563, 0.053); Drone position: (-0.928, 0.309, 0.083)

70901162 Setpoint: (-0.516, 1.563, 0.053); Drone position: (-0.928, 0.309, 0.083)

70901162 Setpoint: (-0.516, 1.563, 0.053); Drone position: (-0.928, 0.309, 0.083)

70901162 Setpoint: (-0.516, 1.563, 0.053); Drone position: (-0.928, 0.309, 0.083)

70901162 Setpoint: (-0.516, 1.563, 0.053); Drone position: (-0.928, 0.309, 0.083)

70901162 Setpoint: (-0.516, 1.563, 0.053); Drone position: (-0.928, 0.309, 0.083)

70901162 Setpoint: (-0.516, 1.563, 0.053); Drone position: (-0.928, 0.309, 0.083)

70901162 Setpoint: (-0.516, 1.563, 0.053); Drone position: (-0.928, 0.309, 0.083)

70901162 Setpoint: (-0.516, 1.563, 0.053); Drone position: (-0.928, 0.309, 0.083)

70901162 Setpoint: (-0.516, 1.563, 0.053); Drone position: (-0.928, 0.309, 0.083)

70901162 Setpoint: (-0.516, 1.563, 0.053); Drone position: (-0.928, 0.309, 0.083)

70901162 Setpoint: (-0.516, 1.563, 0.053); Drone position: (-0.928, 0.309, 0.083)

70901162 Setpoint: (-0.516, 1.563, 0.053); Drone position: (-0.928, 0.309, 0.083)

70901162 Setpoint: (-0.516, 1.563, 0.053); Drone position: (-0.928, 0.309, 0.083)

70901162 Setpoint: (-0.516, 1.563, 0.053); Drone position: (-0.928, 0.309, 0.083)

70901162 Setpoint: (-0.516, 1.563, 0.053); Drone position: (-0.928, 0.309, 0.083)

70901162 Setpoint: (-0.516, 1.563, 0.053); Drone position: (-0.928, 0.309, 0.083)

70901162 Setpoint: (-0.516, 1.563, 0.053); Drone position: (-0.928, 0.309, 0.083)

70901162 Setpoint: (-0.516, 1.563, 0.053); Drone position: (-0.928, 0.309, 0.083)

70901162 Setpoint: (-0.516, 1.563, 0.053); Drone position: (-0.928, 0.309, 0.083)

70901162 Setpoint: (-0.516, 1.563, 0.053); Drone position: (-0.928, 0.309, 0.083)

70901162 Setpoint: (-0.516, 1.563, 0.053); Drone position: (-0.928, 0.309, 0.083)

70901162 Setpoint: (-0.516, 1.563, 0.053); Drone position: (-0.928, 0.309, 0.083)

70901162 Setpoint: (-0.516, 1.563, 0.053); Drone position: (-0.928, 0.309, 0.083)

70901162 Setpoint: (-0.516, 1.563, 0.053); Drone position: (-0.928, 0.309, 0.083)

70901162 Setpoint: (-0.516, 1.563, 0.053); Drone position: (-0.928, 0.309, 0.083)

70901162 Setpoint: (-0.516, 1.563, 0.053); Drone position: (-0.928, 0.309, 0.083)

70901162 Setpoint: (-0.516, 1.563, 0.053); Drone position: (-0.928, 0.309, 0.083)

70901162 Setpoint: (-0.516, 1.563, 0.053); Drone position: (-0.928, 0.309, 0.083)

70901162 Setpoint: (-0.516, 1.563, 0.053); Drone position: (-0.928, 0.309, 0.083)

70901162 Setpoint: (-0.516, 1.563, 0.053); Drone position: (-0.928, 0.309, 0.083)

70901162 Setpoint: (-0.516, 1.563, 0.053); Drone position: (-0.928, 0.309, 0.083)

70901162 Setpoint: (-0.516, 1.563, 0.053); Drone position: (-0.928, 0.309, 0.083)

70901162 Setpoint: (-0.516, 1.563, 0.053); Drone position: (-0.928, 0.309, 0.083)

70901162 Setpoint: (-0.516, 1.563, 0.053); Drone position: (-0.928, 0.309, 0.083)

70901162 Setpoint: (-0.516, 1.563, 0.053); Drone position: (-0.928, 0.309, 0.083)

70901162 Setpoint: (-0.516, 1.563, 0.053); Drone position: (-0.928, 0.309, 0.083)

70901162 Setpoint: (-0.516, 1.563, 0.053); Drone position: (-0.928, 0.309, 0.083)

70901162 Setpoint: (-0.516, 1.563, 0.053); Drone position: (-0.928, 0.309, 0.083)

70901162 Setpoint: (-0.516, 1.563, 0.053); Drone position: (-0.928, 0.309, 0.083)

70901162 Setpoint: (-0.516, 1.563, 0.053); Drone position: (-0.928, 0.309, 0.083)

70901162 Setpoint: (-0.516, 1.563, 0.053); Drone position: (-0.928, 0.309, 0.083)

70901162 Setpoint: (-0.516, 1.563, 0.053); Drone position: (-0.928, 0.309, 0.083)

70901162 Setpoint: (-0.516, 1.563, 0.053); Drone position: (-0.928, 0.309, 0.083)

70901162 Setpoint: (-0.516, 1.563, 0.053); Drone position: (-0.928, 0.309, 0.083)

70901162 Setpoint: (-0.516, 1.563, 0.053); Drone position: (-0.928, 0.309, 0.083)

70901162 Setpoint: (-0.516, 1.563, 0.053); Drone position: (-0.928, 0.309, 0.083)

70901162 Setpoint: (-0.516, 1.563, 0.053); Drone position: (-0.928, 0.309, 0.083)

70901162 Setpoint: (-0.516, 1.563, 0.053); Drone position: (-0.928, 0.309, 0.083)

70901162 Setpoint: (-0.516, 1.563, 0.053); Drone position: (-0.928, 0.309, 0.083)

70901162 Setpoint: (-0.516, 1.563, 0.053); Drone position: (-0.928, 0.309, 0.083)

70901162 Setpoint: (-0.516, 1.563, 0.053); Drone position: (-0.928, 0.309, 0.083)

70901162 Setpoint: (-0.516, 1.563, 0.053); Drone position: (-0.928, 0.309, 0.083)

70901162 Setpoint: (-0.516, 1.563, 0.053); Drone position: (-0.928, 0.309, 0.083)

