Unity data 
0 
0 
0 
0 
0 
0 
0 
0 
0 
0 
0 
0 
0 
0 
0 
0 
0 
0 
0 
0 
0 
0 
0 
0 
0 
0 
0 
0 
0 
0 
0 
0 
0 
0 
0 
0 
0 
0 
0 
0 
0 
0 
0 
0 
0 
0 
0 
0 
0 
0 
0 
0 
0 
0 
0 
0 
0 
0 
0 
0 
0 
0 
0 
0 
0 
0 
0 
0 
0 
0 
0 
0 
0 
0 
0 
0 
0 
0 
0 
0 
0 
0 
0 
0 
0 
0 
0 
0 
0 
0 
0 
0 
0 
0 
0 
0 
0 
0 
0 
0 
0 
0 
0 
0 
0 
0 
0 
0 
0 
0 
0 
0 
0 
0 
0 
0 
56394972 Setpoint: (0.038, 1.008, -0.039); Drone position: (0.038, 1.046, -0.040)

56395081 Setpoint: (0.038, 1.008, -0.039); Drone position: (0.039, 1.131, -0.041)

56395171 Setpoint: (0.038, 1.008, -0.039); Drone position: (0.040, 1.166, -0.041)

56395282 Setpoint: (0.038, 1.008, -0.039); Drone position: (0.040, 1.224, -0.040)

56395384 Setpoint: (0.038, 1.008, -0.039); Drone position: (0.041, 1.236, -0.040)

56395483 Setpoint: (0.038, 1.008, -0.039); Drone position: (0.042, 1.250, -0.040)

56395572 Setpoint: (0.038, 1.008, -0.039); Drone position: (0.043, 1.252, -0.040)

56395684 Setpoint: (0.038, 1.008, -0.039); Drone position: (0.044, 1.246, -0.041)

56395773 Setpoint: (0.038, 1.008, -0.039); Drone position: (0.045, 1.239, -0.041)

56395885 Setpoint: (0.038, 1.008, -0.039); Drone position: (0.047, 1.218, -0.043)

56395974 Setpoint: (0.038, 1.008, -0.039); Drone position: (0.049, 1.199, -0.044)

56396086 Setpoint: (0.038, 1.008, -0.039); Drone position: (0.050, 1.178, -0.045)

56396176 Setpoint: (0.038, 1.008, -0.039); Drone position: (0.052, 1.156, -0.046)

56396288 Setpoint: (0.038, 1.008, -0.039); Drone position: (0.055, 1.134, -0.047)

56396379 Setpoint: (0.038, 1.008, -0.039); Drone position: (0.057, 1.112, -0.048)

56396488 Setpoint: (0.038, 1.008, -0.039); Drone position: (0.059, 1.092, -0.048)

56396578 Setpoint: (0.038, 1.008, -0.039); Drone position: (0.059, 1.092, -0.048)

56396668 Setpoint: (0.038, 1.008, -0.039); Drone position: (0.063, 1.056, -0.047)

56396779 Setpoint: (0.038, 1.008, -0.039); Drone position: (0.064, 1.047, -0.046)

56396868 Setpoint: (0.038, 1.008, -0.039); Drone position: (0.065, 1.034, -0.046)

56396980 Setpoint: (0.038, 1.008, -0.039); Drone position: (0.066, 1.019, -0.045)

56397072 Setpoint: (0.038, 1.008, -0.039); Drone position: (0.067, 1.015, -0.045)

56397182 Setpoint: (0.038, 1.008, -0.039); Drone position: (0.067, 1.008, -0.045)

56397269 Setpoint: (0.038, 1.008, -0.039); Drone position: (0.067, 1.005, -0.046)

56397382 Setpoint: (0.038, 1.008, -0.039); Drone position: (0.067, 1.005, -0.046)

56397472 Setpoint: (0.038, 1.008, -0.039); Drone position: (0.067, 1.006, -0.046)

56397583 Setpoint: (0.038, 1.008, -0.039); Drone position: (0.067, 1.007, -0.047)

56397673 Setpoint: (0.038, 1.008, -0.039); Drone position: (0.067, 1.011, -0.047)

56397783 Setpoint: (0.038, 1.008, -0.039); Drone position: (0.068, 1.013, -0.047)

56397873 Setpoint: (0.038, 1.008, -0.039); Drone position: (0.068, 1.019, -0.047)

56397985 Setpoint: (0.038, 1.008, -0.039); Drone position: (0.069, 1.024, -0.047)

56398075 Setpoint: (0.038, 1.008, -0.039); Drone position: (0.070, 1.030, -0.047)

56398186 Setpoint: (0.038, 1.008, -0.039); Drone position: (0.070, 1.033, -0.047)

56398279 Setpoint: (0.038, 1.008, -0.039); Drone position: (0.071, 1.042, -0.046)

56398387 Setpoint: (0.038, 1.008, -0.039); Drone position: (0.071, 1.046, -0.046)

56398478 Setpoint: (0.038, 1.008, -0.039); Drone position: (0.071, 1.054, -0.046)

56398580 Setpoint: (0.038, 1.008, -0.039); Drone position: (0.071, 1.060, -0.046)

56398668 Setpoint: (0.038, 1.008, -0.039); Drone position: (0.071, 1.064, -0.046)

56398785 Setpoint: (0.038, 1.008, -0.039); Drone position: (0.071, 1.072, -0.046)

56398873 Setpoint: (0.038, 1.008, -0.039); Drone position: (0.072, 1.075, -0.046)

56398968 Setpoint: (0.038, 1.008, -0.039); Drone position: (0.071, 1.082, -0.047)

56399076 Setpoint: (0.038, 1.008, -0.039); Drone position: (0.070, 1.086, -0.047)

56399169 Setpoint: (0.038, 1.008, -0.039); Drone position: (0.070, 1.089, -0.047)

56399288 Setpoint: (0.038, 1.008, -0.039); Drone position: (0.069, 1.093, -0.047)

56399388 Setpoint: (0.038, 1.008, -0.039); Drone position: (0.067, 1.098, -0.047)

56399465 Setpoint: (0.038, 1.008, -0.039); Drone position: (0.066, 1.102, -0.047)

56399584 Setpoint: (0.038, 1.008, -0.039); Drone position: (0.064, 1.105, -0.047)

56399684 Setpoint: (0.038, 1.008, -0.039); Drone position: (0.063, 1.108, -0.047)

56399773 Setpoint: (0.038, 1.008, -0.039); Drone position: (0.061, 1.110, -0.048)

56399884 Setpoint: (0.038, 1.008, -0.039); Drone position: (0.059, 1.112, -0.048)

56399975 Setpoint: (0.038, 1.008, -0.039); Drone position: (0.058, 1.113, -0.048)

56400086 Setpoint: (0.038, 1.008, -0.039); Drone position: (0.056, 1.114, -0.047)

56400173 Setpoint: (0.038, 1.008, -0.039); Drone position: (0.054, 1.115, -0.047)

56400286 Setpoint: (0.038, 1.008, -0.039); Drone position: (0.052, 1.116, -0.046)

56400375 Setpoint: (0.038, 1.008, -0.039); Drone position: (0.050, 1.117, -0.046)

56400486 Setpoint: (0.038, 1.008, -0.039); Drone position: (0.048, 1.118, -0.045)

56400579 Setpoint: (0.038, 1.008, -0.039); Drone position: (0.045, 1.119, -0.044)

56400688 Setpoint: (0.038, 1.008, -0.039); Drone position: (0.042, 1.120, -0.043)

56400780 Setpoint: (0.038, 1.008, -0.039); Drone position: (0.039, 1.121, -0.042)

56400870 Setpoint: (0.038, 1.008, -0.039); Drone position: (0.037, 1.122, -0.040)

56400980 Setpoint: (0.038, 1.008, -0.039); Drone position: (0.034, 1.123, -0.039)

56401068 Setpoint: (0.038, 1.008, -0.039); Drone position: (0.033, 1.124, -0.037)

56401180 Setpoint: (0.038, 1.008, -0.039); Drone position: (0.030, 1.123, -0.035)

56401269 Setpoint: (0.038, 1.008, -0.039); Drone position: (0.027, 1.118, -0.033)

56401383 Setpoint: (0.038, 1.008, -0.039); Drone position: (0.025, 1.111, -0.031)

56401470 Setpoint: (0.038, 1.008, -0.039); Drone position: (0.022, 1.104, -0.029)

56401583 Setpoint: (0.038, 1.008, -0.039); Drone position: (0.020, 1.095, -0.028)

56401676 Setpoint: (0.038, 1.008, -0.039); Drone position: (0.018, 1.087, -0.027)

56401783 Setpoint: (0.038, 1.008, -0.039); Drone position: (0.017, 1.078, -0.026)

56401873 Setpoint: (0.038, 1.008, -0.039); Drone position: (0.015, 1.070, -0.026)

56401984 Setpoint: (0.038, 1.008, -0.039); Drone position: (0.013, 1.062, -0.025)

56402073 Setpoint: (0.038, 1.008, -0.039); Drone position: (0.012, 1.054, -0.024)

56402185 Setpoint: (0.038, 1.008, -0.039); Drone position: (0.011, 1.046, -0.023)

56402275 Setpoint: (0.038, 1.008, -0.039); Drone position: (0.010, 1.039, -0.022)

56402387 Setpoint: (0.038, 1.008, -0.039); Drone position: (0.009, 1.032, -0.022)

56402475 Setpoint: (0.038, 1.008, -0.039); Drone position: (0.008, 1.026, -0.022)

56402576 Setpoint: (0.038, 1.008, -0.039); Drone position: (0.008, 1.021, -0.021)

56402684 Setpoint: (0.038, 1.008, -0.039); Drone position: (0.008, 1.017, -0.020)

56402767 Setpoint: (0.038, 1.008, -0.039); Drone position: (0.007, 1.014, -0.020)

56402881 Setpoint: (0.038, 1.008, -0.039); Drone position: (0.007, 1.011, -0.020)

56402971 Setpoint: (0.038, 1.008, -0.039); Drone position: (0.007, 1.009, -0.020)

56403081 Setpoint: (-0.101, 1.008, -0.040); Drone position: (0.007, 1.007, -0.020)

56403167 Setpoint: (-0.239, 1.007, -0.040); Drone position: (0.008, 1.006, -0.020)

56403280 Setpoint: (-0.429, 1.007, -0.040); Drone position: (0.009, 1.005, -0.020)

56403370 Setpoint: (-0.590, 1.006, -0.040); Drone position: (0.009, 1.005, -0.020)

56403482 Setpoint: (-0.794, 1.005, -0.040); Drone position: (0.005, 1.005, -0.020)

56403571 Setpoint: (-0.954, 1.005, -0.041); Drone position: (-0.003, 1.005, -0.020)

56403682 Setpoint: (-1.154, 1.004, -0.041); Drone position: (-0.017, 1.005, -0.021)

56403771 Setpoint: (-1.304, 1.004, -0.041); Drone position: (-0.038, 1.005, -0.021)

56403883 Setpoint: (-1.485, 1.003, -0.041); Drone position: (-0.067, 1.005, -0.022)

56403972 Setpoint: (-1.485, 1.003, -0.041); Drone position: (-0.106, 1.005, -0.023)

56404084 Setpoint: (-1.485, 0.933, -0.042); Drone position: (-0.155, 1.005, -0.023)

56404173 Setpoint: (-1.485, 0.933, -0.042); Drone position: (-0.215, 1.005, -0.024)

56404288 Setpoint: (-1.485, 0.933, -0.042); Drone position: (-0.283, 1.004, -0.026)

56404378 Setpoint: (-1.485, 0.933, -0.042); Drone position: (-0.352, 1.004, -0.028)

56404486 Setpoint: (-1.485, 0.933, -0.042); Drone position: (-0.412, 1.005, -0.029)

56404576 Setpoint: (-1.485, 0.933, -0.042); Drone position: (-0.465, 1.005, -0.032)

56404687 Setpoint: (-1.485, 0.933, -0.042); Drone position: (-0.511, 1.004, -0.034)

56404777 Setpoint: (-1.485, 0.933, -0.042); Drone position: (-0.551, 1.004, -0.037)

56404865 Setpoint: (-1.485, 0.933, -0.042); Drone position: (-0.584, 1.004, -0.040)

56404979 Setpoint: (-1.485, 0.933, -0.042); Drone position: (-0.610, 1.003, -0.042)

56405068 Setpoint: (-1.485, 0.933, -0.042); Drone position: (-0.629, 1.003, -0.044)

56405180 Setpoint: (-1.485, 0.933, -0.042); Drone position: (-0.641, 1.003, -0.046)

56405267 Setpoint: (-1.485, 0.933, -0.042); Drone position: (-0.645, 1.003, -0.048)

56405380 Setpoint: (-1.485, 0.933, -0.042); Drone position: (-0.643, 1.003, -0.049)

56405469 Setpoint: (-1.485, 0.933, -0.042); Drone position: (-0.633, 1.003, -0.050)

56405585 Setpoint: (-1.485, 0.933, -0.042); Drone position: (-0.619, 1.003, -0.051)

56405674 Setpoint: (-1.485, 0.933, -0.042); Drone position: (-0.599, 1.003, -0.052)

56405781 Setpoint: (-1.485, 0.933, -0.042); Drone position: (-0.575, 1.004, -0.052)

56405872 Setpoint: (-1.485, 0.933, -0.042); Drone position: (-0.558, 1.004, -0.052)

56405978 Setpoint: (-1.485, 0.933, -0.042); Drone position: (-0.515, 1.004, -0.052)

56406073 Setpoint: (-1.485, 0.933, -0.042); Drone position: (-0.481, 1.004, -0.052)

56406183 Setpoint: (-1.485, 0.933, -0.042); Drone position: (-0.445, 1.005, -0.052)

56406273 Setpoint: (-1.485, 0.933, -0.042); Drone position: (-0.408, 1.004, -0.052)

56406385 Setpoint: (-1.485, 0.933, -0.042); Drone position: (-0.371, 1.005, -0.052)

56406475 Setpoint: (-1.485, 0.933, -0.042); Drone position: (-0.334, 1.005, -0.052)

56406587 Setpoint: (-1.485, 0.933, -0.042); Drone position: (-0.297, 1.005, -0.052)

56406676 Setpoint: (-1.485, 0.933, -0.042); Drone position: (-0.261, 1.005, -0.052)

56406788 Setpoint: (-1.485, 0.933, -0.042); Drone position: (-0.227, 1.005, -0.050)

56406883 Setpoint: (-1.485, 0.933, -0.042); Drone position: (-0.194, 1.004, -0.049)

56406979 Setpoint: (-1.485, 0.933, -0.042); Drone position: (-0.163, 1.004, -0.049)

56407088 Setpoint: (-1.485, 0.933, -0.042); Drone position: (-0.135, 1.004, -0.048)

56407180 Setpoint: (-1.485, 0.933, -0.042); Drone position: (-0.110, 1.004, -0.047)

56407268 Setpoint: (-1.485, 0.933, -0.042); Drone position: (-0.088, 1.003, -0.046)

56407379 Setpoint: (-1.485, 0.933, -0.042); Drone position: (-0.069, 1.003, -0.045)

56407468 Setpoint: (-1.485, 0.933, -0.042); Drone position: (-0.053, 1.003, -0.044)

56407584 Setpoint: (-1.485, 0.933, -0.042); Drone position: (-0.041, 1.003, -0.043)

56407671 Setpoint: (-1.485, 0.933, -0.042); Drone position: (-0.032, 1.003, -0.042)

56407782 Setpoint: (-1.485, 0.933, -0.042); Drone position: (-0.026, 1.004, -0.040)

56407881 Setpoint: (-1.485, 0.933, -0.042); Drone position: (-0.024, 1.004, -0.039)

56407971 Setpoint: (-1.485, 0.933, -0.042); Drone position: (-0.023, 1.004, -0.036)

56408077 Setpoint: (-1.485, 0.933, -0.042); Drone position: (-0.024, 1.003, -0.035)

56408185 Setpoint: (-1.485, 0.933, -0.042); Drone position: (-0.030, 1.003, -0.031)

56408277 Setpoint: (-1.485, 0.933, -0.042); Drone position: (-0.037, 1.003, -0.028)

56408376 Setpoint: (-1.485, 0.933, -0.042); Drone position: (-0.046, 1.003, -0.025)

56408472 Setpoint: (-1.485, 0.933, -0.042); Drone position: (-0.056, 1.003, -0.023)

56408575 Setpoint: (-1.485, 0.933, -0.042); Drone position: (-0.068, 1.002, -0.021)

56408675 Setpoint: (-1.485, 0.933, -0.042); Drone position: (-0.081, 1.002, -0.019)

56408775 Setpoint: (-1.485, 0.933, -0.042); Drone position: (-0.094, 1.002, -0.016)

56408876 Setpoint: (-1.485, 0.933, -0.042); Drone position: (-0.108, 1.002, -0.014)

56408977 Setpoint: (-1.485, 0.933, -0.042); Drone position: (-0.122, 1.002, -0.012)

56409088 Setpoint: (-1.485, 0.933, -0.042); Drone position: (-0.136, 1.002, -0.010)

56409178 Setpoint: (-1.485, 0.933, -0.042); Drone position: (-0.149, 1.002, -0.009)

56409267 Setpoint: (-1.485, 0.933, -0.042); Drone position: (-0.163, 1.002, -0.008)

56409381 Setpoint: (-1.485, 0.933, -0.042); Drone position: (-0.176, 1.002, -0.006)

56409469 Setpoint: (-1.485, 0.933, -0.042); Drone position: (-0.189, 1.002, -0.005)

56409581 Setpoint: (-1.485, 0.933, -0.042); Drone position: (-0.202, 1.002, -0.004)

56409671 Setpoint: (-1.485, 0.933, -0.042); Drone position: (-0.214, 1.002, -0.003)

56409780 Setpoint: (-1.485, 0.933, -0.042); Drone position: (-0.225, 1.002, -0.002)

56409871 Setpoint: (-1.485, 0.933, -0.042); Drone position: (-0.236, 1.002, -0.002)

56409982 Setpoint: (-1.485, 0.933, -0.042); Drone position: (-0.245, 1.002, -0.002)

56410070 Setpoint: (-1.485, 0.933, -0.042); Drone position: (-0.253, 1.002, -0.002)

56410183 Setpoint: (-1.485, 0.933, -0.042); Drone position: (-0.260, 1.003, -0.002)

56410272 Setpoint: (-1.485, 0.933, -0.042); Drone position: (-0.266, 1.003, -0.002)

56410386 Setpoint: (-1.485, 0.933, -0.042); Drone position: (-0.271, 1.003, -0.001)

56410474 Setpoint: (-1.485, 0.933, -0.042); Drone position: (-0.275, 1.003, -0.001)

56410586 Setpoint: (-1.485, 0.933, -0.042); Drone position: (-0.277, 1.003, 0.000)

56410681 Setpoint: (-1.485, 0.933, -0.042); Drone position: (-0.279, 1.003, 0.000)

56410775 Setpoint: (-1.485, 0.933, -0.042); Drone position: (-0.279, 1.003, 0.000)

56410889 Setpoint: (-1.485, 0.933, -0.042); Drone position: (-0.278, 1.002, -0.001)

56410977 Setpoint: (-1.485, 0.933, -0.042); Drone position: (-0.277, 1.002, -0.002)

56411080 Setpoint: (-1.485, 0.933, -0.042); Drone position: (-0.274, 1.002, -0.003)

56411182 Setpoint: (-1.485, 0.933, -0.042); Drone position: (-0.271, 1.002, -0.004)

56411265 Setpoint: (-1.485, 0.933, -0.042); Drone position: (-0.267, 1.002, -0.005)

56411367 Setpoint: (-1.485, 0.933, -0.042); Drone position: (-0.263, 1.001, -0.005)

56411468 Setpoint: (-1.485, 0.933, -0.042); Drone position: (-0.257, 1.001, -0.007)

56411566 Setpoint: (-1.485, 0.933, -0.042); Drone position: (-0.251, 1.001, -0.008)

56411668 Setpoint: (-1.485, 0.933, -0.042); Drone position: (-0.244, 1.001, -0.009)

56411768 Setpoint: (-1.485, 0.933, -0.042); Drone position: (-0.237, 1.001, -0.011)

56411868 Setpoint: (-1.324, 0.764, -0.043); Drone position: (-0.229, 1.001, -0.013)

56411971 Setpoint: (-1.148, 0.598, -0.043); Drone position: (-0.221, 1.001, -0.015)

56412082 Setpoint: (-0.946, 0.425, 0.062); Drone position: (-0.214, 0.997, -0.016)

56412171 Setpoint: (-0.776, 0.321, 0.227); Drone position: (-0.212, 0.982, -0.018)

56412283 Setpoint: (-0.649, 0.320, 0.361); Drone position: (-0.219, 0.957, -0.020)

56412371 Setpoint: (-0.649, 0.320, 0.361); Drone position: (-0.227, 0.937, -0.021)

56412483 Setpoint: (-0.649, 0.320, 0.361); Drone position: (-0.251, 0.882, -0.021)

56412574 Setpoint: (-0.649, 0.320, 0.361); Drone position: (-0.271, 0.846, -0.016)

56412684 Setpoint: (-0.649, 0.320, 0.361); Drone position: (-0.291, 0.826, -0.010)

56412776 Setpoint: (-0.649, 0.320, 0.361); Drone position: (-0.307, 0.811, -0.005)

56412885 Setpoint: (-0.649, 0.320, 0.361); Drone position: (-0.321, 0.799, -0.001)

56412976 Setpoint: (-0.649, 0.320, 0.361); Drone position: (-0.333, 0.790, 0.001)

56413065 Setpoint: (-0.649, 0.320, 0.361); Drone position: (-0.344, 0.785, 0.002)

56413177 Setpoint: (-0.649, 0.320, 0.361); Drone position: (-0.353, 0.784, 0.002)

56413288 Setpoint: (-0.649, 0.320, 0.361); Drone position: (-0.360, 0.786, 0.001)

56413379 Setpoint: (-0.557, 0.320, 0.463); Drone position: (-0.365, 0.790, 0.000)

56413488 Setpoint: (-0.367, 0.796, -0.001); Drone position: (-0.367, 0.796, -0.001)

56413580 Setpoint: (-0.185, 0.796, 0.198); Drone position: (-0.368, 0.796, -0.002)

56413670 Setpoint: (0.000, 0.795, 0.390); Drone position: (-0.368, 0.786, -0.001)

56413780 Setpoint: (0.048, 0.795, 0.438); Drone position: (-0.369, 0.784, 0.004)

56413869 Setpoint: (0.048, 0.795, 0.438); Drone position: (-0.368, 0.785, 0.011)

56413980 Setpoint: (0.048, 0.795, 0.438); Drone position: (-0.363, 0.786, 0.019)

56414070 Setpoint: (0.048, 0.795, 0.438); Drone position: (-0.355, 0.786, 0.030)

56414182 Setpoint: (0.093, 0.828, 0.483); Drone position: (-0.347, 0.786, 0.038)

56414272 Setpoint: (0.275, 0.973, 0.665); Drone position: (-0.340, 0.786, 0.045)

56414388 Setpoint: (-0.148, 0.953, 0.239); Drone position: (-0.334, 0.788, 0.051)

56414477 Setpoint: (-0.075, 1.022, 0.313); Drone position: (-0.325, 0.793, 0.058)

56414583 Setpoint: (-0.075, 1.022, 0.313); Drone position: (-0.314, 0.799, 0.068)

56414673 Setpoint: (-0.075, 1.022, 0.313); Drone position: (-0.301, 0.808, 0.080)

56414787 Setpoint: (-0.075, 1.022, 0.313); Drone position: (-0.287, 0.813, 0.091)

56414874 Setpoint: (-0.075, 1.022, 0.313); Drone position: (-0.275, 0.815, 0.100)

56414986 Setpoint: (-0.075, 1.022, 0.313); Drone position: (-0.269, 0.817, 0.105)

56415077 Setpoint: (-0.075, 1.022, 0.313); Drone position: (-0.255, 0.819, 0.115)

56415186 Setpoint: (-0.075, 1.022, 0.313); Drone position: (-0.247, 0.820, 0.121)

56415283 Setpoint: (-0.075, 1.022, 0.313); Drone position: (-0.240, 0.820, 0.125)

56415374 Setpoint: (-0.075, 1.022, 0.313); Drone position: (-0.235, 0.820, 0.128)

56415478 Setpoint: (-0.075, 1.022, 0.313); Drone position: (-0.231, 0.820, 0.130)

56415569 Setpoint: (-0.075, 1.022, 0.313); Drone position: (-0.228, 0.819, 0.132)

56415679 Setpoint: (-0.075, 1.022, 0.313); Drone position: (-0.227, 0.818, 0.132)

56415768 Setpoint: (-0.075, 1.022, 0.313); Drone position: (-0.227, 0.817, 0.131)

56415881 Setpoint: (-0.075, 1.022, 0.313); Drone position: (-0.228, 0.817, 0.130)

56415985 Setpoint: (-0.075, 1.022, 0.313); Drone position: (-0.230, 0.816, 0.126)

56416081 Setpoint: (-0.075, 1.022, 0.313); Drone position: (-0.232, 0.814, 0.123)

56416170 Setpoint: (-0.075, 1.022, 0.313); Drone position: (-0.236, 0.813, 0.120)

56416282 Setpoint: (-0.075, 1.022, 0.313); Drone position: (-0.240, 0.811, 0.117)

56416372 Setpoint: (-0.075, 1.022, 0.313); Drone position: (-0.245, 0.809, 0.113)

56416482 Setpoint: (-0.075, 1.022, 0.313); Drone position: (-0.251, 0.808, 0.109)

56416574 Setpoint: (-0.075, 1.022, 0.313); Drone position: (-0.258, 0.807, 0.106)

56416685 Setpoint: (-0.075, 1.022, 0.313); Drone position: (-0.265, 0.806, 0.102)

56416774 Setpoint: (-0.075, 1.022, 0.313); Drone position: (-0.272, 0.805, 0.098)

56416887 Setpoint: (-0.075, 1.022, 0.313); Drone position: (-0.280, 0.805, 0.094)

56416980 Setpoint: (-0.075, 1.022, 0.313); Drone position: (-0.289, 0.804, 0.090)

56417087 Setpoint: (-0.075, 1.022, 0.313); Drone position: (-0.297, 0.804, 0.085)

56417176 Setpoint: (-0.075, 1.022, 0.313); Drone position: (-0.305, 0.803, 0.080)

56417287 Setpoint: (-0.075, 1.022, 0.313); Drone position: (-0.313, 0.803, 0.076)

56417376 Setpoint: (-0.075, 1.022, 0.313); Drone position: (-0.320, 0.802, 0.071)

56417488 Setpoint: (-0.075, 1.022, 0.313); Drone position: (-0.327, 0.802, 0.066)

56417578 Setpoint: (-0.075, 1.022, 0.313); Drone position: (-0.332, 0.802, 0.061)

56417687 Setpoint: (-0.075, 1.022, 0.313); Drone position: (-0.338, 0.802, 0.056)

56417770 Setpoint: (-0.075, 1.022, 0.313); Drone position: (-0.342, 0.803, 0.052)

56417883 Setpoint: (-0.075, 1.022, 0.313); Drone position: (-0.346, 0.803, 0.048)

56417959 Setpoint: (-0.075, 1.022, 0.313); Drone position: (-0.348, 0.803, 0.046)

56418057 Setpoint: (-0.075, 1.022, 0.313); Drone position: (-0.351, 0.803, 0.042)

56418157 Setpoint: (-0.075, 1.022, 0.313); Drone position: (-0.352, 0.803, 0.039)

56418258 Setpoint: (-0.075, 1.022, 0.313); Drone position: (-0.353, 0.803, 0.037)

56418358 Setpoint: (-0.075, 1.022, 0.313); Drone position: (-0.353, 0.803, 0.035)

56418459 Setpoint: (-0.075, 1.022, 0.313); Drone position: (-0.354, 0.803, 0.032)

56418560 Setpoint: (-0.075, 1.022, 0.313); Drone position: (-0.353, 0.803, 0.031)

56418661 Setpoint: (-0.075, 1.022, 0.313); Drone position: (-0.351, 0.802, 0.030)

56418773 Setpoint: (-0.075, 1.022, 0.313); Drone position: (-0.350, 0.801, 0.029)

56418883 Setpoint: (-0.075, 1.022, 0.313); Drone position: (-0.347, 0.800, 0.028)

56418975 Setpoint: (-0.075, 1.022, 0.313); Drone position: (-0.345, 0.799, 0.028)

56419085 Setpoint: (-0.075, 1.022, 0.313); Drone position: (-0.342, 0.798, 0.028)

56419175 Setpoint: (-0.075, 1.022, 0.313); Drone position: (-0.339, 0.797, 0.028)

56419286 Setpoint: (-0.075, 1.022, 0.313); Drone position: (-0.336, 0.797, 0.028)

56419375 Setpoint: (-0.075, 1.022, 0.313); Drone position: (-0.333, 0.796, 0.029)

56419487 Setpoint: (-0.075, 1.022, 0.313); Drone position: (-0.330, 0.795, 0.030)

56419577 Setpoint: (-0.075, 1.022, 0.313); Drone position: (-0.327, 0.795, 0.031)

56419687 Setpoint: (-0.075, 1.022, 0.313); Drone position: (-0.324, 0.794, 0.033)

56419779 Setpoint: (-0.075, 1.022, 0.313); Drone position: (-0.321, 0.794, 0.033)

56419888 Setpoint: (-0.075, 1.022, 0.313); Drone position: (-0.317, 0.794, 0.034)

56419979 Setpoint: (-0.075, 1.022, 0.313); Drone position: (-0.314, 0.793, 0.035)

56420069 Setpoint: (-0.075, 1.022, 0.313); Drone position: (-0.311, 0.793, 0.036)

56420180 Setpoint: (-0.075, 1.022, 0.313); Drone position: (-0.307, 0.793, 0.036)

56420276 Setpoint: (-0.075, 1.022, 0.313); Drone position: (-0.303, 0.793, 0.037)

56420382 Setpoint: (-0.075, 1.022, 0.313); Drone position: (-0.300, 0.793, 0.038)

56420470 Setpoint: (-0.075, 1.021, 0.448); Drone position: (-0.297, 0.793, 0.040)

56420581 Setpoint: (-0.075, 1.020, 0.635); Drone position: (-0.294, 0.797, 0.042)

56420688 Setpoint: (-0.293, 0.799, 0.125); Drone position: (-0.290, 0.807, 0.045)

56420784 Setpoint: (-0.293, 0.797, 0.347); Drone position: (-0.283, 0.818, 0.053)

56420873 Setpoint: (-0.294, 0.796, 0.524); Drone position: (-0.275, 0.825, 0.064)

56420985 Setpoint: (-0.294, 0.796, 0.616); Drone position: (-0.267, 0.828, 0.076)

56421074 Setpoint: (-0.294, 0.796, 0.616); Drone position: (-0.260, 0.830, 0.089)

56421186 Setpoint: (-0.294, 0.796, 0.616); Drone position: (-0.254, 0.832, 0.105)

56421276 Setpoint: (-0.294, 0.796, 0.616); Drone position: (-0.249, 0.833, 0.122)

56421387 Setpoint: (-0.294, 0.796, 0.616); Drone position: (-0.245, 0.834, 0.138)

56421476 Setpoint: (-0.294, 0.796, 0.616); Drone position: (-0.242, 0.834, 0.146)

56421587 Setpoint: (-0.294, 0.796, 0.616); Drone position: (-0.236, 0.833, 0.162)

56421679 Setpoint: (-0.294, 0.796, 0.616); Drone position: (-0.233, 0.832, 0.171)

56421789 Setpoint: (-0.294, 0.796, 0.616); Drone position: (-0.230, 0.832, 0.178)

56421871 Setpoint: (-0.294, 0.796, 0.616); Drone position: (-0.228, 0.831, 0.183)

56421979 Setpoint: (-0.294, 0.796, 0.616); Drone position: (-0.227, 0.830, 0.186)

56422078 Setpoint: (-0.294, 0.796, 0.616); Drone position: (-0.226, 0.829, 0.188)

56422177 Setpoint: (-0.294, 0.796, 0.616); Drone position: (-0.226, 0.828, 0.188)

56422278 Setpoint: (-0.294, 0.796, 0.616); Drone position: (-0.227, 0.828, 0.187)

56422379 Setpoint: (-0.294, 0.796, 0.616); Drone position: (-0.227, 0.827, 0.184)

56422480 Setpoint: (-0.294, 0.796, 0.616); Drone position: (-0.228, 0.827, 0.179)

56422580 Setpoint: (-0.294, 0.796, 0.616); Drone position: (-0.230, 0.826, 0.174)

56422682 Setpoint: (-0.294, 0.796, 0.616); Drone position: (-0.231, 0.826, 0.168)

56422773 Setpoint: (-0.294, 0.796, 0.616); Drone position: (-0.233, 0.826, 0.161)

56422884 Setpoint: (-0.294, 0.796, 0.616); Drone position: (-0.235, 0.826, 0.154)

56422972 Setpoint: (-0.294, 0.796, 0.616); Drone position: (-0.237, 0.826, 0.146)

56423085 Setpoint: (-0.294, 0.796, 0.616); Drone position: (-0.239, 0.826, 0.139)

56423174 Setpoint: (-0.294, 0.796, 0.616); Drone position: (-0.241, 0.826, 0.131)

56423285 Setpoint: (-0.294, 0.796, 0.616); Drone position: (-0.242, 0.826, 0.123)

56423376 Setpoint: (-0.294, 0.796, 0.616); Drone position: (-0.244, 0.826, 0.115)

56423486 Setpoint: (-0.294, 0.796, 0.616); Drone position: (-0.246, 0.825, 0.108)

56423577 Setpoint: (-0.294, 0.796, 0.616); Drone position: (-0.248, 0.825, 0.102)

56423687 Setpoint: (-0.294, 0.796, 0.616); Drone position: (-0.251, 0.824, 0.095)

56423780 Setpoint: (-0.294, 0.796, 0.616); Drone position: (-0.253, 0.824, 0.090)

56423889 Setpoint: (-0.294, 0.796, 0.616); Drone position: (-0.255, 0.824, 0.085)

56423979 Setpoint: (-0.294, 0.796, 0.616); Drone position: (-0.257, 0.824, 0.080)

56424067 Setpoint: (-0.294, 0.796, 0.616); Drone position: (-0.260, 0.824, 0.075)

56424181 Setpoint: (-0.294, 0.796, 0.616); Drone position: (-0.262, 0.823, 0.071)

56424267 Setpoint: (-0.294, 0.796, 0.616); Drone position: (-0.264, 0.823, 0.068)

56424380 Setpoint: (-0.294, 0.796, 0.616); Drone position: (-0.266, 0.823, 0.064)

56424469 Setpoint: (-0.294, 0.796, 0.616); Drone position: (-0.268, 0.823, 0.062)

56424580 Setpoint: (-0.269, 0.823, 0.060); Drone position: (-0.269, 0.823, 0.060)

56424672 Setpoint: (-0.269, 0.823, 0.060); Drone position: (-0.271, 0.823, 0.059)

56424782 Setpoint: (-0.269, 0.823, 0.060); Drone position: (-0.272, 0.822, 0.059)

56424871 Setpoint: (-0.269, 0.823, 0.060); Drone position: (-0.272, 0.822, 0.059)

56424985 Setpoint: (-0.269, 0.823, -0.006); Drone position: (-0.273, 0.821, 0.060)

56425080 Setpoint: (-0.269, 0.824, -0.140); Drone position: (-0.273, 0.821, 0.061)

56425186 Setpoint: (-0.269, 0.824, -0.140); Drone position: (-0.274, 0.821, 0.061)

56425276 Setpoint: (-0.269, 0.824, -0.140); Drone position: (-0.275, 0.821, 0.061)

56425385 Setpoint: (-0.269, 0.824, -0.140); Drone position: (-0.275, 0.820, 0.061)

56425476 Setpoint: (-0.269, 0.824, -0.140); Drone position: (-0.275, 0.820, 0.060)

56425586 Setpoint: (-0.269, 0.824, -0.140); Drone position: (-0.276, 0.819, 0.060)

56425677 Setpoint: (-0.269, 0.824, -0.189); Drone position: (-0.276, 0.819, 0.060)

56425787 Setpoint: (-0.269, 0.826, -0.421); Drone position: (-0.277, 0.818, 0.061)

56425877 Setpoint: (-0.268, 0.759, -0.620); Drone position: (-0.277, 0.818, 0.061)

56425989 Setpoint: (-0.277, 0.717, -0.086); Drone position: (-0.277, 0.819, 0.060)

56426079 Setpoint: (-0.277, 0.717, -0.086); Drone position: (-0.278, 0.818, 0.054)

56426166 Setpoint: (-0.277, 0.717, -0.086); Drone position: (-0.277, 0.815, 0.043)

56426278 Setpoint: (-0.277, 0.717, -0.086); Drone position: (-0.277, 0.812, 0.031)

56426372 Setpoint: (-0.277, 0.717, -0.086); Drone position: (-0.277, 0.810, 0.020)

56426483 Setpoint: (-0.277, 0.717, -0.086); Drone position: (-0.277, 0.809, 0.012)

56426570 Setpoint: (-0.277, 0.717, -0.086); Drone position: (-0.278, 0.809, 0.005)

56426684 Setpoint: (-0.277, 0.717, -0.086); Drone position: (-0.279, 0.808, -0.001)

56426771 Setpoint: (-0.277, 0.717, -0.086); Drone position: (-0.279, 0.808, -0.005)

56426882 Setpoint: (-0.277, 0.717, -0.086); Drone position: (-0.280, 0.808, -0.009)

56426972 Setpoint: (-0.277, 0.717, -0.086); Drone position: (-0.282, 0.808, -0.011)

56427084 Setpoint: (-0.276, 0.579, -0.292); Drone position: (-0.284, 0.808, -0.012)

56427174 Setpoint: (-0.275, 0.439, -0.507); Drone position: (-0.286, 0.808, -0.011)

56427284 Setpoint: (-0.288, 0.779, -0.049); Drone position: (-0.288, 0.804, -0.009)

56427374 Setpoint: (-0.287, 0.634, -0.269); Drone position: (-0.290, 0.789, -0.009)

56427485 Setpoint: (-0.286, 0.537, -0.413); Drone position: (-0.292, 0.767, -0.015)

56427575 Setpoint: (-0.286, 0.537, -0.413); Drone position: (-0.293, 0.756, -0.021)

56427687 Setpoint: (-0.286, 0.537, -0.413); Drone position: (-0.296, 0.731, -0.039)

56427776 Setpoint: (-0.286, 0.537, -0.413); Drone position: (-0.298, 0.717, -0.054)

56427887 Setpoint: (-0.286, 0.537, -0.413); Drone position: (-0.300, 0.707, -0.067)

56427978 Setpoint: (-0.286, 0.537, -0.413); Drone position: (-0.303, 0.700, -0.078)

56428088 Setpoint: (-0.286, 0.537, -0.413); Drone position: (-0.304, 0.695, -0.086)

56428177 Setpoint: (-0.286, 0.537, -0.413); Drone position: (-0.306, 0.691, -0.093)

56428274 Setpoint: (-0.286, 0.537, -0.413); Drone position: (-0.308, 0.690, -0.098)

56428380 Setpoint: (-0.286, 0.537, -0.413); Drone position: (-0.310, 0.689, -0.103)

56428469 Setpoint: (-0.286, 0.537, -0.413); Drone position: (-0.311, 0.691, -0.105)

56428582 Setpoint: (-0.286, 0.537, -0.413); Drone position: (-0.312, 0.693, -0.106)

56428671 Setpoint: (-0.286, 0.537, -0.413); Drone position: (-0.312, 0.695, -0.106)

56428782 Setpoint: (-0.286, 0.537, -0.413); Drone position: (-0.313, 0.699, -0.104)

56428870 Setpoint: (-0.286, 0.537, -0.413); Drone position: (-0.313, 0.703, -0.101)

56428981 Setpoint: (-0.286, 0.537, -0.413); Drone position: (-0.314, 0.707, -0.097)

56429071 Setpoint: (-0.286, 0.537, -0.413); Drone position: (-0.314, 0.711, -0.091)

56429186 Setpoint: (-0.286, 0.505, -0.447); Drone position: (-0.315, 0.715, -0.085)

56429277 Setpoint: (-0.286, 0.349, -0.611); Drone position: (-0.315, 0.719, -0.078)

56429385 Setpoint: (-0.314, 0.720, -0.074); Drone position: (-0.314, 0.719, -0.071)

56429473 Setpoint: (-0.314, 0.720, -0.074); Drone position: (-0.314, 0.707, -0.066)

56429578 Setpoint: (-0.314, 0.720, -0.074); Drone position: (-0.313, 0.694, -0.066)

56429676 Setpoint: (-0.314, 0.720, -0.074); Drone position: (-0.311, 0.689, -0.071)

56429787 Setpoint: (-0.314, 0.720, -0.074); Drone position: (-0.310, 0.686, -0.074)

56429877 Setpoint: (-0.314, 0.720, -0.074); Drone position: (-0.308, 0.683, -0.076)

56429989 Setpoint: (-0.314, 0.720, -0.074); Drone position: (-0.307, 0.681, -0.077)

56430077 Setpoint: (-0.314, 0.720, -0.074); Drone position: (-0.306, 0.679, -0.077)

56430168 Setpoint: (-0.314, 0.720, -0.074); Drone position: (-0.305, 0.678, -0.077)

56430279 Setpoint: (-0.314, 0.720, -0.074); Drone position: (-0.304, 0.679, -0.076)

56430367 Setpoint: (-0.314, 0.720, -0.074); Drone position: (-0.302, 0.679, -0.076)

56430474 Setpoint: (-0.314, 0.720, -0.074); Drone position: (-0.300, 0.681, -0.074)

56430584 Setpoint: (-0.314, 0.720, -0.074); Drone position: (-0.298, 0.682, -0.072)

56430674 Setpoint: (-0.314, 0.720, -0.074); Drone position: (-0.296, 0.683, -0.070)

56430786 Setpoint: (-0.314, 0.720, -0.074); Drone position: (-0.295, 0.685, -0.068)

56430887 Setpoint: (-0.314, 0.720, -0.074); Drone position: (-0.294, 0.686, -0.067)

56430988 Setpoint: (-0.314, 0.720, -0.074); Drone position: (-0.293, 0.688, -0.065)

56431087 Setpoint: (-0.314, 0.720, -0.074); Drone position: (-0.292, 0.690, -0.064)

56431179 Setpoint: (-0.314, 0.720, -0.074); Drone position: (-0.291, 0.691, -0.062)

56431280 Setpoint: (-0.314, 0.720, -0.074); Drone position: (-0.290, 0.693, -0.060)

56431379 Setpoint: (-0.314, 0.720, -0.074); Drone position: (-0.290, 0.694, -0.058)

56431478 Setpoint: (-0.314, 0.720, -0.074); Drone position: (-0.291, 0.696, -0.056)

56431585 Setpoint: (-0.314, 0.720, -0.074); Drone position: (-0.291, 0.697, -0.054)

56431673 Setpoint: (-0.314, 0.720, -0.074); Drone position: (-0.292, 0.698, -0.053)

56431780 Setpoint: (-0.314, 0.720, -0.074); Drone position: (-0.293, 0.698, -0.052)

56431869 Setpoint: (-0.314, 0.720, -0.074); Drone position: (-0.293, 0.699, -0.051)

56431980 Setpoint: (-0.314, 0.720, -0.074); Drone position: (-0.294, 0.700, -0.051)

56432071 Setpoint: (-0.314, 0.720, -0.074); Drone position: (-0.294, 0.700, -0.051)

56432180 Setpoint: (-0.314, 0.720, -0.074); Drone position: (-0.295, 0.700, -0.051)

56432283 Setpoint: (-0.314, 0.720, -0.074); Drone position: (-0.295, 0.700, -0.051)

56432383 Setpoint: (-0.314, 0.720, -0.074); Drone position: (-0.295, 0.700, -0.051)

56432485 Setpoint: (-0.314, 0.720, -0.074); Drone position: (-0.296, 0.699, -0.052)

56432576 Setpoint: (-0.314, 0.720, -0.074); Drone position: (-0.296, 0.699, -0.053)

56432688 Setpoint: (-0.314, 0.720, -0.074); Drone position: (-0.296, 0.699, -0.053)

56432778 Setpoint: (-0.314, 0.720, -0.074); Drone position: (-0.297, 0.699, -0.052)

56432888 Setpoint: (-0.314, 0.720, -0.074); Drone position: (-0.298, 0.698, -0.051)

56432980 Setpoint: (-0.314, 0.720, -0.074); Drone position: (-0.298, 0.698, -0.051)

56433078 Setpoint: (-0.314, 0.720, -0.074); Drone position: (-0.299, 0.698, -0.050)

56433178 Setpoint: (-0.314, 0.720, -0.074); Drone position: (-0.299, 0.698, -0.051)

56433280 Setpoint: (-0.314, 0.720, -0.074); Drone position: (-0.299, 0.698, -0.051)

56433381 Setpoint: (-0.314, 0.720, -0.074); Drone position: (-0.300, 0.699, -0.051)

56433484 Setpoint: (-0.314, 0.720, -0.074); Drone position: (-0.301, 0.699, -0.052)

56433578 Setpoint: (-0.314, 0.720, -0.074); Drone position: (-0.302, 0.698, -0.053)

56433667 Setpoint: (-0.314, 0.720, -0.074); Drone position: (-0.304, 0.698, -0.055)

56433778 Setpoint: (-0.314, 0.720, -0.074); Drone position: (-0.306, 0.699, -0.056)

56433870 Setpoint: (-0.314, 0.720, -0.074); Drone position: (-0.307, 0.699, -0.058)

56433980 Setpoint: (-0.314, 0.720, -0.074); Drone position: (-0.309, 0.699, -0.060)

56434079 Setpoint: (-0.314, 0.720, -0.074); Drone position: (-0.312, 0.699, -0.062)

56434180 Setpoint: (-0.314, 0.720, -0.074); Drone position: (-0.314, 0.700, -0.064)

56434281 Setpoint: (-0.314, 0.720, -0.074); Drone position: (-0.316, 0.700, -0.067)

56434384 Setpoint: (-0.314, 0.720, -0.074); Drone position: (-0.318, 0.700, -0.069)

56434486 Setpoint: (-0.314, 0.720, -0.074); Drone position: (-0.320, 0.700, -0.072)

56434587 Setpoint: (-0.314, 0.720, -0.074); Drone position: (-0.322, 0.700, -0.075)

56434687 Setpoint: (-0.314, 0.720, -0.074); Drone position: (-0.324, 0.700, -0.078)

56434779 Setpoint: (-0.314, 0.720, -0.074); Drone position: (-0.327, 0.700, -0.081)

56434877 Setpoint: (-0.314, 0.720, -0.074); Drone position: (-0.329, 0.700, -0.083)

56434977 Setpoint: (-0.314, 0.720, -0.074); Drone position: (-0.331, 0.700, -0.086)

56435078 Setpoint: (-0.314, 0.720, -0.074); Drone position: (-0.332, 0.700, -0.088)

56435179 Setpoint: (-0.314, 0.720, -0.074); Drone position: (-0.333, 0.700, -0.090)

56435279 Setpoint: (-0.314, 0.720, -0.074); Drone position: (-0.333, 0.700, -0.092)

56435378 Setpoint: (-0.314, 0.720, -0.074); Drone position: (-0.333, 0.700, -0.093)

56435477 Setpoint: (-0.314, 0.720, -0.074); Drone position: (-0.333, 0.700, -0.095)

56435588 Setpoint: (-0.314, 0.720, -0.074); Drone position: (-0.333, 0.700, -0.096)

56435677 Setpoint: (-0.314, 0.720, -0.074); Drone position: (-0.333, 0.700, -0.096)

56435768 Setpoint: (-0.314, 0.720, -0.074); Drone position: (-0.332, 0.700, -0.096)

56435879 Setpoint: (-0.314, 0.720, -0.074); Drone position: (-0.332, 0.700, -0.097)

56435979 Setpoint: (-0.314, 0.720, -0.074); Drone position: (-0.331, 0.700, -0.097)

56436079 Setpoint: (-0.314, 0.720, -0.074); Drone position: (-0.330, 0.700, -0.097)

56436181 Setpoint: (-0.314, 0.720, -0.074); Drone position: (-0.330, 0.700, -0.096)

56436285 Setpoint: (-0.314, 0.720, -0.074); Drone position: (-0.329, 0.700, -0.096)

56436385 Setpoint: (-0.314, 0.720, -0.074); Drone position: (-0.328, 0.700, -0.095)

56436486 Setpoint: (-0.314, 0.720, -0.074); Drone position: (-0.326, 0.700, -0.094)

56436587 Setpoint: (-0.314, 0.720, -0.074); Drone position: (-0.325, 0.700, -0.092)

56436688 Setpoint: (-0.314, 0.720, -0.074); Drone position: (-0.323, 0.701, -0.090)

56436787 Setpoint: (-0.314, 0.720, -0.074); Drone position: (-0.321, 0.701, -0.087)

56436888 Setpoint: (-0.314, 0.720, -0.074); Drone position: (-0.319, 0.701, -0.084)

56436988 Setpoint: (-0.314, 0.720, -0.074); Drone position: (-0.317, 0.701, -0.081)

56437088 Setpoint: (-0.314, 0.720, -0.074); Drone position: (-0.315, 0.701, -0.078)

56437180 Setpoint: (-0.314, 0.720, -0.074); Drone position: (-0.313, 0.701, -0.074)

56437275 Setpoint: (-0.314, 0.720, -0.074); Drone position: (-0.311, 0.701, -0.071)

56437387 Setpoint: (-0.314, 0.720, -0.074); Drone position: (-0.309, 0.701, -0.067)

56437476 Setpoint: (-0.314, 0.720, -0.074); Drone position: (-0.308, 0.701, -0.065)

56437587 Setpoint: (-0.314, 0.720, -0.074); Drone position: (-0.306, 0.702, -0.060)

56437677 Setpoint: (-0.314, 0.720, -0.074); Drone position: (-0.304, 0.702, -0.057)

56437776 Setpoint: (-0.314, 0.720, -0.074); Drone position: (-0.303, 0.701, -0.054)

56437878 Setpoint: (-0.314, 0.720, -0.074); Drone position: (-0.302, 0.701, -0.052)

56437979 Setpoint: (-0.314, 0.720, -0.074); Drone position: (-0.301, 0.702, -0.049)

56438071 Setpoint: (-0.314, 0.720, -0.074); Drone position: (-0.300, 0.702, -0.046)

56438185 Setpoint: (-0.314, 0.720, -0.074); Drone position: (-0.300, 0.702, -0.044)

56438283 Setpoint: (-0.314, 0.720, -0.074); Drone position: (-0.300, 0.702, -0.042)

56438371 Setpoint: (-0.314, 0.720, -0.074); Drone position: (-0.300, 0.702, -0.041)

56438482 Setpoint: (-0.314, 0.720, -0.074); Drone position: (-0.300, 0.703, -0.039)

56438571 Setpoint: (-0.314, 0.720, -0.074); Drone position: (-0.301, 0.703, -0.038)

56438684 Setpoint: (-0.314, 0.720, -0.074); Drone position: (-0.302, 0.703, -0.038)

56438773 Setpoint: (-0.314, 0.720, -0.074); Drone position: (-0.302, 0.703, -0.038)

56438883 Setpoint: (-0.314, 0.720, -0.074); Drone position: (-0.303, 0.704, -0.038)

56438983 Setpoint: (-0.314, 0.720, -0.074); Drone position: (-0.303, 0.704, -0.039)

56439094 Setpoint: (-0.314, 0.720, -0.074); Drone position: (-0.302, 0.704, -0.039)

56439178 Setpoint: (-0.314, 0.720, -0.074); Drone position: (-0.301, 0.704, -0.040)

56439288 Setpoint: (-0.314, 0.720, -0.074); Drone position: (-0.300, 0.705, -0.040)

56439375 Setpoint: (-0.314, 0.720, -0.074); Drone position: (-0.299, 0.705, -0.040)

56439464 Setpoint: (-0.314, 0.720, -0.074); Drone position: (-0.299, 0.705, -0.040)

56439576 Setpoint: (-0.314, 0.720, -0.074); Drone position: (-0.298, 0.706, -0.041)

56439687 Setpoint: (-0.314, 0.720, -0.074); Drone position: (-0.298, 0.706, -0.042)

56439780 Setpoint: (-0.314, 0.720, -0.074); Drone position: (-0.298, 0.707, -0.044)

56439886 Setpoint: (-0.314, 0.720, -0.074); Drone position: (-0.298, 0.707, -0.044)

56439978 Setpoint: (-0.314, 0.720, -0.074); Drone position: (-0.298, 0.708, -0.047)

56440077 Setpoint: (-0.314, 0.720, -0.074); Drone position: (-0.298, 0.708, -0.049)

