Unity data 
0 
0 
0 
0 
0 
0 
0 
0 
0 
0 
0 
0 
0 
0 
0 
0 
0 
0 
0 
0 
0 
0 
0 
0 
0 
0 
0 
0 
0 
0 
0 
0 
0 
0 
0 
0 
0 
0 
0 
0 
0 
0 
0 
0 
0 
0 
0 
0 
0 
0 
0 
0 
0 
0 
0 
0 
0 
0 
0 
0 
0 
0 
0 
0 
0 
0 
0 
0 
0 
0 
0 
0 
0 
0 
0 
0 
0 
0 
0 
0 
0 
0 
0 
0 
0 
0 
0 
0 
0 
0 
56946087 Setpoint: (-0.148, 1.013, 0.089); Drone position: (-0.149, 1.098, 0.089)

56946190 Setpoint: (-0.148, 1.013, 0.089); Drone position: (-0.150, 1.140, 0.089)

56946276 Setpoint: (-0.148, 1.013, 0.089); Drone position: (-0.150, 1.153, 0.089)

56946383 Setpoint: (-0.148, 1.013, 0.089); Drone position: (-0.150, 1.164, 0.089)

56946474 Setpoint: (-0.148, 1.013, 0.089); Drone position: (-0.149, 1.166, 0.089)

56946586 Setpoint: (-0.148, 1.013, 0.089); Drone position: (-0.147, 1.156, 0.091)

56946676 Setpoint: (-0.148, 1.013, 0.089); Drone position: (-0.146, 1.148, 0.092)

56946787 Setpoint: (-0.148, 1.013, 0.089); Drone position: (-0.143, 1.122, 0.094)

56946876 Setpoint: (-0.148, 1.013, 0.089); Drone position: (-0.141, 1.107, 0.094)

56946990 Setpoint: (-0.148, 1.013, 0.089); Drone position: (-0.137, 1.072, 0.096)

56947078 Setpoint: (-0.148, 1.013, 0.089); Drone position: (-0.134, 1.054, 0.097)

56947184 Setpoint: (-0.148, 1.013, 0.089); Drone position: (-0.129, 1.018, 0.098)

56947278 Setpoint: (-0.148, 1.013, 0.089); Drone position: (-0.127, 0.999, 0.098)

56947391 Setpoint: (-0.148, 1.013, 0.089); Drone position: (-0.123, 0.965, 0.098)

56947478 Setpoint: (-0.148, 1.013, 0.089); Drone position: (-0.120, 0.949, 0.099)

56947591 Setpoint: (-0.148, 1.013, 0.089); Drone position: (-0.116, 0.920, 0.099)

56947680 Setpoint: (-0.148, 1.013, 0.089); Drone position: (-0.114, 0.907, 0.099)

56947792 Setpoint: (-0.148, 1.013, 0.089); Drone position: (-0.109, 0.886, 0.099)

56947883 Setpoint: (-0.148, 1.013, 0.089); Drone position: (-0.107, 0.877, 0.100)

56947990 Setpoint: (-0.148, 1.013, 0.089); Drone position: (-0.103, 0.864, 0.101)

56948080 Setpoint: (-0.148, 1.013, 0.089); Drone position: (-0.101, 0.859, 0.101)

56948173 Setpoint: (-0.148, 1.013, 0.089); Drone position: (-0.098, 0.854, 0.102)

56948283 Setpoint: (-0.148, 1.013, 0.089); Drone position: (-0.095, 0.852, 0.102)

56948377 Setpoint: (-0.148, 1.013, 0.089); Drone position: (-0.093, 0.851, 0.102)

56948487 Setpoint: (-0.148, 1.013, 0.089); Drone position: (-0.090, 0.853, 0.101)

56948574 Setpoint: (-0.148, 1.013, 0.089); Drone position: (-0.088, 0.855, 0.100)

56948687 Setpoint: (-0.148, 1.013, 0.089); Drone position: (-0.086, 0.859, 0.098)

56948774 Setpoint: (-0.148, 1.013, 0.089); Drone position: (-0.084, 0.862, 0.097)

56948886 Setpoint: (-0.148, 1.013, 0.089); Drone position: (-0.082, 0.870, 0.094)

56948975 Setpoint: (-0.148, 1.013, 0.089); Drone position: (-0.082, 0.874, 0.093)

56949090 Setpoint: (-0.148, 1.013, 0.089); Drone position: (-0.081, 0.882, 0.092)

56949178 Setpoint: (-0.148, 1.013, 0.089); Drone position: (-0.080, 0.886, 0.091)

56949289 Setpoint: (-0.148, 1.013, 0.089); Drone position: (-0.080, 0.895, 0.090)

56949380 Setpoint: (-0.148, 1.013, 0.089); Drone position: (-0.081, 0.900, 0.089)

56949491 Setpoint: (-0.148, 1.013, 0.089); Drone position: (-0.081, 0.909, 0.088)

56949579 Setpoint: (-0.148, 1.013, 0.089); Drone position: (-0.081, 0.914, 0.087)

56949691 Setpoint: (-0.148, 1.013, 0.089); Drone position: (-0.082, 0.922, 0.085)

56949780 Setpoint: (-0.148, 1.013, 0.089); Drone position: (-0.082, 0.926, 0.085)

56949892 Setpoint: (-0.148, 1.013, 0.089); Drone position: (-0.082, 0.930, 0.084)

56949991 Setpoint: (-0.148, 1.013, 0.089); Drone position: (-0.083, 0.938, 0.083)

56950077 Setpoint: (-0.148, 1.013, 0.089); Drone position: (-0.083, 0.942, 0.082)

56950182 Setpoint: (-0.148, 1.013, 0.089); Drone position: (-0.084, 0.947, 0.082)

56950273 Setpoint: (-0.148, 1.013, 0.089); Drone position: (-0.084, 0.951, 0.081)

56950385 Setpoint: (-0.148, 1.013, 0.089); Drone position: (-0.084, 0.955, 0.080)

56950473 Setpoint: (-0.148, 1.013, 0.089); Drone position: (-0.084, 0.958, 0.080)

56950585 Setpoint: (-0.148, 1.013, 0.089); Drone position: (-0.083, 0.962, 0.079)

56950675 Setpoint: (-0.148, 1.013, 0.089); Drone position: (-0.083, 0.964, 0.079)

56950787 Setpoint: (-0.148, 1.013, 0.089); Drone position: (-0.083, 0.968, 0.078)

56950882 Setpoint: (-0.148, 1.013, 0.089); Drone position: (-0.082, 0.969, 0.078)

56950991 Setpoint: (-0.148, 1.013, 0.089); Drone position: (-0.082, 0.972, 0.078)

56951075 Setpoint: (-0.148, 1.013, 0.089); Drone position: (-0.082, 0.973, 0.078)

56951189 Setpoint: (-0.148, 1.013, 0.089); Drone position: (-0.081, 0.975, 0.077)

56951276 Setpoint: (-0.148, 1.013, 0.089); Drone position: (-0.081, 0.976, 0.077)

56951389 Setpoint: (-0.148, 1.013, 0.089); Drone position: (-0.080, 0.978, 0.077)

56951478 Setpoint: (-0.148, 1.013, 0.089); Drone position: (-0.079, 0.979, 0.078)

56951590 Setpoint: (-0.148, 1.013, 0.089); Drone position: (-0.077, 0.980, 0.078)

56951680 Setpoint: (-0.148, 1.013, 0.089); Drone position: (-0.076, 0.981, 0.079)

56951781 Setpoint: (-0.148, 1.013, 0.089); Drone position: (-0.075, 0.982, 0.079)

56951886 Setpoint: (-0.148, 1.013, 0.089); Drone position: (-0.074, 0.983, 0.080)

56951980 Setpoint: (-0.148, 1.013, 0.089); Drone position: (-0.073, 0.984, 0.080)

56952091 Setpoint: (-0.148, 1.013, 0.089); Drone position: (-0.073, 0.985, 0.082)

56952182 Setpoint: (-0.148, 1.013, 0.089); Drone position: (-0.073, 0.986, 0.083)

56952273 Setpoint: (-0.148, 1.013, 0.089); Drone position: (-0.072, 0.987, 0.084)

56952383 Setpoint: (-0.148, 1.013, 0.089); Drone position: (-0.072, 0.988, 0.085)

56952474 Setpoint: (-0.148, 1.013, 0.089); Drone position: (-0.073, 0.989, 0.086)

56952584 Setpoint: (-0.148, 1.013, 0.089); Drone position: (-0.073, 0.990, 0.087)

56952674 Setpoint: (-0.148, 1.013, 0.089); Drone position: (-0.072, 0.991, 0.088)

56952785 Setpoint: (-0.148, 1.013, 0.089); Drone position: (-0.072, 0.993, 0.090)

56952875 Setpoint: (-0.148, 1.013, 0.089); Drone position: (-0.072, 0.993, 0.090)

56952989 Setpoint: (-0.148, 1.013, 0.089); Drone position: (-0.072, 0.994, 0.092)

56953076 Setpoint: (-0.148, 1.013, 0.089); Drone position: (-0.072, 0.994, 0.092)

56953188 Setpoint: (-0.148, 1.013, 0.089); Drone position: (-0.072, 0.994, 0.093)

56953277 Setpoint: (-0.148, 1.013, 0.089); Drone position: (-0.072, 0.994, 0.093)

56953390 Setpoint: (-0.148, 1.013, 0.089); Drone position: (-0.072, 0.994, 0.093)

56953477 Setpoint: (-0.148, 1.013, 0.089); Drone position: (-0.073, 0.994, 0.094)

56953590 Setpoint: (-0.148, 1.013, 0.089); Drone position: (-0.074, 0.994, 0.095)

56953678 Setpoint: (-0.148, 1.013, 0.089); Drone position: (-0.074, 0.994, 0.095)

56953790 Setpoint: (-0.148, 1.013, 0.089); Drone position: (-0.076, 0.995, 0.096)

56953881 Setpoint: (-0.148, 1.013, 0.089); Drone position: (-0.077, 0.995, 0.097)

56953992 Setpoint: (-0.148, 1.013, 0.089); Drone position: (-0.077, 0.996, 0.098)

56954082 Setpoint: (-0.148, 1.013, 0.089); Drone position: (-0.078, 0.996, 0.099)

56954191 Setpoint: (-0.148, 1.013, 0.089); Drone position: (-0.078, 0.997, 0.099)

56954289 Setpoint: (-0.148, 1.013, 0.089); Drone position: (-0.078, 0.997, 0.100)

56954381 Setpoint: (-0.148, 1.013, 0.089); Drone position: (-0.078, 0.997, 0.100)

56954484 Setpoint: (-0.148, 1.013, 0.089); Drone position: (-0.078, 0.997, 0.100)

56954573 Setpoint: (-0.148, 1.013, 0.089); Drone position: (-0.078, 0.998, 0.100)

56954685 Setpoint: (-0.148, 1.013, 0.089); Drone position: (-0.078, 0.998, 0.100)

56954774 Setpoint: (-0.148, 1.013, 0.089); Drone position: (-0.079, 0.999, 0.101)

56954885 Setpoint: (-0.148, 1.013, 0.089); Drone position: (-0.080, 1.000, 0.101)

56954975 Setpoint: (-0.148, 1.013, 0.089); Drone position: (-0.080, 1.001, 0.102)

56955086 Setpoint: (-0.148, 1.013, 0.089); Drone position: (-0.081, 1.002, 0.103)

56955177 Setpoint: (-0.148, 1.013, 0.089); Drone position: (-0.081, 1.003, 0.103)

56955275 Setpoint: (-0.148, 1.013, 0.089); Drone position: (-0.083, 1.005, 0.104)

56955382 Setpoint: (-0.148, 1.013, 0.089); Drone position: (-0.085, 1.007, 0.105)

56955490 Setpoint: (-0.148, 1.013, 0.089); Drone position: (-0.087, 1.008, 0.105)

56955579 Setpoint: (-0.148, 1.013, 0.089); Drone position: (-0.089, 1.008, 0.105)

56955691 Setpoint: (-0.148, 1.013, 0.092); Drone position: (-0.093, 1.010, 0.105)

56955779 Setpoint: (-0.148, 1.013, 0.100); Drone position: (-0.095, 1.011, 0.106)

56955889 Setpoint: (-0.148, 1.013, 0.111); Drone position: (-0.099, 1.012, 0.106)

56955981 Setpoint: (-0.148, 1.013, 0.121); Drone position: (-0.103, 1.012, 0.107)

56956091 Setpoint: (-0.148, 1.014, 0.133); Drone position: (-0.106, 1.013, 0.107)

56956191 Setpoint: (-0.148, 1.014, 0.145); Drone position: (-0.110, 1.013, 0.108)

56956284 Setpoint: (-0.142, 1.014, 0.157); Drone position: (-0.113, 1.014, 0.109)

56956369 Setpoint: (-0.136, 1.014, 0.168); Drone position: (-0.116, 1.014, 0.110)

56956470 Setpoint: (-0.127, 1.014, 0.182); Drone position: (-0.120, 1.015, 0.111)

56956572 Setpoint: (-0.119, 1.014, 0.196); Drone position: (-0.124, 1.015, 0.113)

56956672 Setpoint: (-0.110, 1.014, 0.209); Drone position: (-0.127, 1.015, 0.115)

56956772 Setpoint: (-0.102, 1.014, 0.223); Drone position: (-0.129, 1.015, 0.117)

56956872 Setpoint: (-0.094, 1.014, 0.237); Drone position: (-0.131, 1.015, 0.119)

56956973 Setpoint: (-0.085, 1.014, 0.251); Drone position: (-0.133, 1.015, 0.122)

56957092 Setpoint: (-0.077, 1.014, 0.265); Drone position: (-0.134, 1.016, 0.126)

56957174 Setpoint: (-0.068, 1.014, 0.279); Drone position: (-0.135, 1.016, 0.131)

56957287 Setpoint: (-0.059, 1.014, 0.294); Drone position: (-0.135, 1.017, 0.139)

56957377 Setpoint: (-0.052, 1.014, 0.307); Drone position: (-0.134, 1.017, 0.144)

56957488 Setpoint: (-0.043, 1.014, 0.322); Drone position: (-0.133, 1.017, 0.156)

56957577 Setpoint: (-0.036, 1.014, 0.334); Drone position: (-0.132, 1.017, 0.162)

56957689 Setpoint: (-0.034, 1.014, 0.350); Drone position: (-0.129, 1.017, 0.177)

56957778 Setpoint: (-0.034, 1.014, 0.362); Drone position: (-0.127, 1.017, 0.184)

56957890 Setpoint: (-0.034, 1.014, 0.378); Drone position: (-0.121, 1.017, 0.201)

56957979 Setpoint: (-0.034, 1.014, 0.390); Drone position: (-0.118, 1.018, 0.210)

56958090 Setpoint: (-0.034, 1.014, 0.406); Drone position: (-0.111, 1.018, 0.229)

56958181 Setpoint: (-0.035, 1.015, 0.418); Drone position: (-0.105, 1.018, 0.244)

56958292 Setpoint: (-0.035, 1.015, 0.434); Drone position: (-0.099, 1.019, 0.260)

56958380 Setpoint: (-0.035, 1.015, 0.446); Drone position: (-0.091, 1.019, 0.276)

56958492 Setpoint: (-0.035, 1.015, 0.462); Drone position: (-0.084, 1.020, 0.293)

56958582 Setpoint: (-0.035, 1.015, 0.475); Drone position: (-0.076, 1.020, 0.310)

56958685 Setpoint: (-0.035, 1.015, 0.489); Drone position: (-0.069, 1.020, 0.328)

56958789 Setpoint: (-0.035, 1.015, 0.504); Drone position: (-0.061, 1.020, 0.346)

56958873 Setpoint: (-0.035, 1.015, 0.515); Drone position: (-0.056, 1.020, 0.359)

56958983 Setpoint: (-0.035, 1.015, 0.530); Drone position: (-0.049, 1.021, 0.377)

56959074 Setpoint: (-0.035, 1.015, 0.543); Drone position: (-0.042, 1.021, 0.396)

56959185 Setpoint: (-0.035, 1.015, 0.557); Drone position: (-0.033, 1.022, 0.420)

56959275 Setpoint: (-0.035, 1.015, 0.569); Drone position: (-0.028, 1.022, 0.432)

56959387 Setpoint: (-0.035, 1.016, 0.583); Drone position: (-0.020, 1.023, 0.455)

56959476 Setpoint: (-0.035, 1.016, 0.594); Drone position: (-0.017, 1.023, 0.466)

56959575 Setpoint: (-0.035, 1.016, 0.604); Drone position: (-0.012, 1.023, 0.483)

56959685 Setpoint: (-0.035, 1.016, 0.615); Drone position: (-0.006, 1.023, 0.505)

56959777 Setpoint: (-0.039, 1.016, 0.622); Drone position: (-0.003, 1.023, 0.517)

56959877 Setpoint: (-0.048, 1.016, 0.624); Drone position: (0.000, 1.023, 0.533)

56959978 Setpoint: (-0.058, 1.016, 0.624); Drone position: (0.002, 1.024, 0.549)

56960079 Setpoint: (-0.068, 1.016, 0.624); Drone position: (0.003, 1.024, 0.564)

56960178 Setpoint: (-0.078, 1.016, 0.623); Drone position: (0.004, 1.025, 0.579)

56960279 Setpoint: (-0.089, 1.016, 0.623); Drone position: (0.004, 1.025, 0.593)

56960382 Setpoint: (-0.100, 1.016, 0.623); Drone position: (0.004, 1.025, 0.610)

56960480 Setpoint: (-0.111, 1.016, 0.623); Drone position: (0.003, 1.026, 0.621)

56960581 Setpoint: (-0.122, 1.016, 0.623); Drone position: (0.001, 1.026, 0.631)

56960672 Setpoint: (-0.131, 1.016, 0.623); Drone position: (-0.001, 1.026, 0.637)

56960783 Setpoint: (-0.143, 1.016, 0.623); Drone position: (-0.005, 1.026, 0.647)

56960873 Setpoint: (-0.152, 1.017, 0.623); Drone position: (-0.008, 1.026, 0.651)

56960985 Setpoint: (-0.164, 1.017, 0.623); Drone position: (-0.014, 1.026, 0.658)

56961073 Setpoint: (-0.173, 1.017, 0.623); Drone position: (-0.018, 1.025, 0.661)

56961185 Setpoint: (-0.185, 1.017, 0.623); Drone position: (-0.028, 1.025, 0.664)

56961276 Setpoint: (-0.194, 1.017, 0.623); Drone position: (-0.033, 1.024, 0.665)

56961386 Setpoint: (-0.205, 1.017, 0.623); Drone position: (-0.045, 1.023, 0.665)

56961475 Setpoint: (-0.215, 1.017, 0.623); Drone position: (-0.052, 1.023, 0.665)

56961588 Setpoint: (-0.226, 1.017, 0.623); Drone position: (-0.066, 1.021, 0.663)

56961677 Setpoint: (-0.236, 1.017, 0.623); Drone position: (-0.073, 1.021, 0.662)

56961789 Setpoint: (-0.248, 1.017, 0.623); Drone position: (-0.088, 1.019, 0.658)

56961880 Setpoint: (-0.257, 1.017, 0.623); Drone position: (-0.096, 1.019, 0.656)

56961990 Setpoint: (-0.268, 1.017, 0.623); Drone position: (-0.113, 1.018, 0.652)

56962079 Setpoint: (-0.278, 1.017, 0.623); Drone position: (-0.122, 1.017, 0.650)

56962185 Setpoint: (-0.289, 1.017, 0.623); Drone position: (-0.140, 1.016, 0.646)

56962290 Setpoint: (-0.301, 1.017, 0.623); Drone position: (-0.154, 1.016, 0.642)

56962391 Setpoint: (-0.311, 1.018, 0.623); Drone position: (-0.169, 1.016, 0.638)

56962481 Setpoint: (-0.321, 1.018, 0.623); Drone position: (-0.184, 1.016, 0.633)

56962592 Setpoint: (-0.332, 1.018, 0.623); Drone position: (-0.199, 1.016, 0.629)

56962682 Setpoint: (-0.342, 1.018, 0.623); Drone position: (-0.209, 1.016, 0.626)

56962773 Setpoint: (-0.351, 1.018, 0.623); Drone position: (-0.224, 1.016, 0.621)

56962883 Setpoint: (-0.363, 1.018, 0.623); Drone position: (-0.244, 1.017, 0.615)

56962973 Setpoint: (-0.372, 1.018, 0.623); Drone position: (-0.254, 1.017, 0.612)

56963076 Setpoint: (-0.383, 1.018, 0.623); Drone position: (-0.269, 1.017, 0.608)

56963179 Setpoint: (-0.393, 1.018, 0.623); Drone position: (-0.284, 1.017, 0.604)

56963274 Setpoint: (-0.402, 1.018, 0.623); Drone position: (-0.298, 1.017, 0.601)

56963386 Setpoint: (-0.409, 1.018, 0.623); Drone position: (-0.316, 1.017, 0.597)

56963475 Setpoint: (-0.409, 1.018, 0.623); Drone position: (-0.325, 1.017, 0.595)

56963587 Setpoint: (-0.409, 1.018, 0.623); Drone position: (-0.342, 1.017, 0.593)

56963681 Setpoint: (-0.409, 1.018, 0.617); Drone position: (-0.351, 1.017, 0.593)

56963788 Setpoint: (-0.409, 1.018, 0.606); Drone position: (-0.367, 1.017, 0.593)

56963877 Setpoint: (-0.409, 1.018, 0.596); Drone position: (-0.376, 1.017, 0.593)

56963989 Setpoint: (-0.409, 1.018, 0.584); Drone position: (-0.391, 1.017, 0.593)

56964078 Setpoint: (-0.409, 1.018, 0.574); Drone position: (-0.398, 1.018, 0.593)

56964191 Setpoint: (-0.409, 1.018, 0.561); Drone position: (-0.411, 1.018, 0.593)

56964278 Setpoint: (-0.409, 1.018, 0.550); Drone position: (-0.417, 1.018, 0.593)

56964391 Setpoint: (-0.409, 1.018, 0.536); Drone position: (-0.427, 1.018, 0.593)

56964482 Setpoint: (-0.409, 1.018, 0.524); Drone position: (-0.434, 1.018, 0.593)

56964571 Setpoint: (-0.409, 1.017, 0.513); Drone position: (-0.438, 1.018, 0.592)

56964685 Setpoint: (-0.409, 1.017, 0.498); Drone position: (-0.444, 1.018, 0.590)

56964792 Setpoint: (-0.409, 1.017, 0.484); Drone position: (-0.448, 1.018, 0.589)

56964881 Setpoint: (-0.409, 1.017, 0.473); Drone position: (-0.450, 1.018, 0.587)

56964972 Setpoint: (-0.409, 1.017, 0.461); Drone position: (-0.452, 1.018, 0.584)

56965083 Setpoint: (-0.409, 1.017, 0.446); Drone position: (-0.453, 1.018, 0.580)

56965174 Setpoint: (-0.409, 1.017, 0.434); Drone position: (-0.453, 1.018, 0.577)

56965283 Setpoint: (-0.409, 1.017, 0.419); Drone position: (-0.451, 1.018, 0.571)

56965373 Setpoint: (-0.409, 1.017, 0.407); Drone position: (-0.450, 1.019, 0.568)

56965488 Setpoint: (-0.409, 1.017, 0.391); Drone position: (-0.447, 1.019, 0.560)

56965578 Setpoint: (-0.409, 1.017, 0.379); Drone position: (-0.445, 1.019, 0.555)

56965666 Setpoint: (-0.409, 1.017, 0.367); Drone position: (-0.443, 1.019, 0.547)

56965778 Setpoint: (-0.409, 1.016, 0.351); Drone position: (-0.440, 1.019, 0.538)

56965877 Setpoint: (-0.409, 1.016, 0.338); Drone position: (-0.436, 1.019, 0.529)

56965976 Setpoint: (-0.409, 1.016, 0.324); Drone position: (-0.433, 1.019, 0.518)

56966077 Setpoint: (-0.408, 1.016, 0.311); Drone position: (-0.429, 1.019, 0.507)

56966177 Setpoint: (-0.408, 1.016, 0.297); Drone position: (-0.425, 1.019, 0.494)

56966277 Setpoint: (-0.408, 1.016, 0.283); Drone position: (-0.421, 1.020, 0.481)

56966379 Setpoint: (-0.408, 1.016, 0.270); Drone position: (-0.417, 1.020, 0.467)

56966479 Setpoint: (-0.408, 1.016, 0.256); Drone position: (-0.410, 1.020, 0.448)

56966579 Setpoint: (-0.408, 1.016, 0.242); Drone position: (-0.406, 1.020, 0.438)

56966692 Setpoint: (-0.408, 1.016, 0.227); Drone position: (-0.399, 1.020, 0.417)

56966782 Setpoint: (-0.408, 1.016, 0.215); Drone position: (-0.395, 1.020, 0.406)

56966871 Setpoint: (-0.408, 1.016, 0.203); Drone position: (-0.390, 1.020, 0.390)

56966981 Setpoint: (-0.408, 1.015, 0.188); Drone position: (-0.383, 1.020, 0.369)

56967072 Setpoint: (-0.408, 1.015, 0.176); Drone position: (-0.379, 1.020, 0.357)

56967183 Setpoint: (-0.408, 1.015, 0.161); Drone position: (-0.374, 1.020, 0.335)

56967273 Setpoint: (-0.408, 1.015, 0.149); Drone position: (-0.371, 1.020, 0.324)

56967384 Setpoint: (-0.408, 1.015, 0.134); Drone position: (-0.368, 1.020, 0.302)

56967475 Setpoint: (-0.408, 1.015, 0.121); Drone position: (-0.367, 1.020, 0.290)

56967587 Setpoint: (-0.408, 1.015, 0.106); Drone position: (-0.366, 1.020, 0.269)

56967675 Setpoint: (-0.408, 1.015, 0.095); Drone position: (-0.366, 1.020, 0.258)

56967790 Setpoint: (-0.408, 1.015, 0.079); Drone position: (-0.366, 1.020, 0.237)

56967876 Setpoint: (-0.408, 1.015, 0.068); Drone position: (-0.366, 1.020, 0.225)

56967991 Setpoint: (-0.408, 1.015, 0.052); Drone position: (-0.367, 1.020, 0.204)

56968077 Setpoint: (-0.408, 1.015, 0.041); Drone position: (-0.368, 1.020, 0.193)

56968187 Setpoint: (-0.408, 1.015, 0.028); Drone position: (-0.369, 1.020, 0.177)

56968289 Setpoint: (-0.408, 1.014, 0.014); Drone position: (-0.372, 1.020, 0.155)

56968399 Setpoint: (-0.408, 1.014, 0.000); Drone position: (-0.373, 1.020, 0.139)

56968464 Setpoint: (-0.408, 1.014, -0.008); Drone position: (-0.375, 1.020, 0.128)

56968580 Setpoint: (-0.408, 1.014, -0.022); Drone position: (-0.378, 1.020, 0.112)

56968680 Setpoint: (-0.408, 1.014, -0.033); Drone position: (-0.381, 1.019, 0.092)

56968780 Setpoint: (-0.408, 1.014, -0.044); Drone position: (-0.383, 1.019, 0.082)

56968880 Setpoint: (-0.402, 1.014, -0.054); Drone position: (-0.386, 1.019, 0.066)

56968980 Setpoint: (-0.394, 1.014, -0.064); Drone position: (-0.388, 1.019, 0.052)

56969083 Setpoint: (-0.384, 1.014, -0.074); Drone position: (-0.392, 1.019, 0.034)

56969183 Setpoint: (-0.374, 1.014, -0.083); Drone position: (-0.395, 1.019, 0.020)

56969273 Setpoint: (-0.365, 1.014, -0.091); Drone position: (-0.397, 1.019, 0.012)

56969384 Setpoint: (-0.353, 1.013, -0.101); Drone position: (-0.400, 1.018, -0.005)

56969473 Setpoint: (-0.343, 1.013, -0.109); Drone position: (-0.401, 1.018, -0.013)

56969581 Setpoint: (-0.332, 1.013, -0.118); Drone position: (-0.402, 1.018, -0.025)

56969674 Setpoint: (-0.319, 1.013, -0.128); Drone position: (-0.403, 1.019, -0.037)

56969787 Setpoint: (-0.305, 1.013, -0.137); Drone position: (-0.403, 1.018, -0.052)

56969875 Setpoint: (-0.295, 1.013, -0.145); Drone position: (-0.402, 1.018, -0.060)

56969988 Setpoint: (-0.280, 1.013, -0.155); Drone position: (-0.400, 1.019, -0.074)

56970077 Setpoint: (-0.269, 1.012, -0.163); Drone position: (-0.398, 1.019, -0.081)

56970189 Setpoint: (-0.254, 1.012, -0.173); Drone position: (-0.394, 1.018, -0.093)

56970276 Setpoint: (-0.242, 1.012, -0.181); Drone position: (-0.391, 1.018, -0.100)

56970389 Setpoint: (-0.227, 1.012, -0.191); Drone position: (-0.383, 1.017, -0.111)

56970479 Setpoint: (-0.215, 1.012, -0.199); Drone position: (-0.379, 1.017, -0.117)

56970590 Setpoint: (-0.200, 1.012, -0.209); Drone position: (-0.369, 1.016, -0.128)

56970686 Setpoint: (-0.187, 1.012, -0.218); Drone position: (-0.361, 1.015, -0.136)

56970777 Setpoint: (-0.174, 1.011, -0.226); Drone position: (-0.354, 1.014, -0.141)

56970881 Setpoint: (-0.159, 1.011, -0.235); Drone position: (-0.340, 1.013, -0.150)

56970992 Setpoint: (-0.144, 1.011, -0.245); Drone position: (-0.328, 1.012, -0.157)

56971081 Setpoint: (-0.131, 1.011, -0.253); Drone position: (-0.319, 1.011, -0.161)

56971172 Setpoint: (-0.119, 1.011, -0.261); Drone position: (-0.306, 1.010, -0.167)

56971284 Setpoint: (-0.103, 1.005, -0.271); Drone position: (-0.286, 1.008, -0.176)

56971373 Setpoint: (-0.090, 0.998, -0.279); Drone position: (-0.276, 1.007, -0.180)

56971484 Setpoint: (-0.074, 0.998, -0.289); Drone position: (-0.254, 1.006, -0.188)

56971573 Setpoint: (-0.061, 0.998, -0.296); Drone position: (-0.242, 1.006, -0.192)

56971685 Setpoint: (-0.045, 0.998, -0.305); Drone position: (-0.219, 1.005, -0.199)

56971777 Setpoint: (-0.032, 0.998, -0.311); Drone position: (-0.207, 1.004, -0.203)

56971888 Setpoint: (-0.016, 0.998, -0.311); Drone position: (-0.183, 1.003, -0.211)

56971980 Setpoint: (-0.003, 0.998, -0.311); Drone position: (-0.170, 1.002, -0.216)

56972088 Setpoint: (0.013, 0.998, -0.311); Drone position: (-0.146, 1.001, -0.224)

56972176 Setpoint: (0.025, 0.998, -0.311); Drone position: (-0.134, 1.000, -0.228)

56972289 Setpoint: (0.042, 0.997, -0.311); Drone position: (-0.110, 0.998, -0.236)

56972377 Setpoint: (0.054, 0.997, -0.311); Drone position: (-0.097, 0.998, -0.240)

56972489 Setpoint: (0.071, 0.997, -0.310); Drone position: (-0.074, 0.996, -0.248)

56972578 Setpoint: (0.083, 0.997, -0.310); Drone position: (-0.062, 0.996, -0.251)

56972690 Setpoint: (0.100, 0.997, -0.310); Drone position: (-0.039, 0.994, -0.259)

56972786 Setpoint: (0.114, 0.997, -0.310); Drone position: (-0.022, 0.994, -0.264)

56972877 Setpoint: (0.127, 0.997, -0.310); Drone position: (-0.011, 0.993, -0.267)

56972980 Setpoint: (0.142, 0.997, -0.310); Drone position: (0.004, 0.993, -0.271)

56973081 Setpoint: (0.156, 0.997, -0.310); Drone position: (0.025, 0.993, -0.277)

56973180 Setpoint: (0.171, 0.997, -0.305); Drone position: (0.040, 0.992, -0.280)

56973281 Setpoint: (0.185, 0.997, -0.296); Drone position: (0.055, 0.992, -0.284)

56973383 Setpoint: (0.199, 0.997, -0.287); Drone position: (0.069, 0.991, -0.287)

56973483 Setpoint: (0.213, 0.997, -0.276); Drone position: (0.083, 0.991, -0.290)

56973583 Setpoint: (0.227, 0.997, -0.266); Drone position: (0.097, 0.990, -0.292)

56973683 Setpoint: (0.241, 0.997, -0.255); Drone position: (0.110, 0.990, -0.293)

56973774 Setpoint: (0.253, 0.997, -0.245); Drone position: (0.119, 0.990, -0.293)

56973885 Setpoint: (0.268, 0.997, -0.232); Drone position: (0.135, 0.990, -0.292)

56973975 Setpoint: (0.279, 0.997, -0.222); Drone position: (0.143, 0.990, -0.292)

56974088 Setpoint: (0.294, 0.996, -0.209); Drone position: (0.159, 0.990, -0.289)

56974176 Setpoint: (0.305, 0.996, -0.198); Drone position: (0.167, 0.989, -0.287)

56974276 Setpoint: (0.317, 0.996, -0.187); Drone position: (0.178, 0.989, -0.284)

56974377 Setpoint: (0.330, 0.996, -0.175); Drone position: (0.189, 0.989, -0.279)

56974489 Setpoint: (0.343, 0.996, -0.161); Drone position: (0.204, 0.990, -0.271)

56974579 Setpoint: (0.354, 0.996, -0.150); Drone position: (0.211, 0.990, -0.267)

56974690 Setpoint: (0.367, 0.996, -0.137); Drone position: (0.225, 0.991, -0.256)

56974781 Setpoint: (0.378, 0.996, -0.125); Drone position: (0.232, 0.991, -0.250)

56974891 Setpoint: (0.390, 0.996, -0.111); Drone position: (0.246, 0.992, -0.237)

56974980 Setpoint: (0.400, 0.996, -0.100); Drone position: (0.257, 0.993, -0.227)

56975091 Setpoint: (0.411, 0.997, -0.086); Drone position: (0.267, 0.994, -0.216)

56975181 Setpoint: (0.420, 0.997, -0.075); Drone position: (0.278, 0.994, -0.203)

56975272 Setpoint: (0.428, 0.997, -0.064); Drone position: (0.285, 0.994, -0.194)

56975382 Setpoint: (0.434, 0.997, -0.050); Drone position: (0.297, 0.994, -0.180)

56975473 Setpoint: (0.434, 0.997, -0.039); Drone position: (0.308, 0.994, -0.166)

56975583 Setpoint: (0.434, 0.997, -0.026); Drone position: (0.322, 0.994, -0.147)

56975673 Setpoint: (0.434, 0.997, -0.015); Drone position: (0.330, 0.994, -0.137)

56975783 Setpoint: (0.434, 0.997, -0.002); Drone position: (0.344, 0.994, -0.118)

56975891 Setpoint: (0.434, 0.997, 0.011); Drone position: (0.355, 0.994, -0.103)

56975986 Setpoint: (0.434, 0.997, 0.023); Drone position: (0.365, 0.994, -0.089)

56976089 Setpoint: (0.434, 0.997, 0.035); Drone position: (0.374, 0.994, -0.074)

56976187 Setpoint: (0.434, 0.997, 0.047); Drone position: (0.383, 0.994, -0.060)

56976288 Setpoint: (0.434, 0.997, 0.059); Drone position: (0.392, 0.994, -0.046)

56976389 Setpoint: (0.434, 0.997, 0.072); Drone position: (0.400, 0.994, -0.032)

56976488 Setpoint: (0.434, 0.997, 0.084); Drone position: (0.407, 0.994, -0.019)

56976589 Setpoint: (0.434, 0.997, 0.097); Drone position: (0.414, 0.994, -0.005)

56976689 Setpoint: (0.439, 0.998, 0.109); Drone position: (0.420, 0.995, 0.008)

56976790 Setpoint: (0.447, 0.998, 0.121); Drone position: (0.425, 0.995, 0.020)

56976881 Setpoint: (0.454, 0.998, 0.132); Drone position: (0.430, 0.995, 0.032)

56976990 Setpoint: (0.464, 0.998, 0.146); Drone position: (0.433, 0.995, 0.044)

56977081 Setpoint: (0.471, 0.998, 0.157); Drone position: (0.435, 0.995, 0.052)

56977192 Setpoint: (0.479, 0.998, 0.171); Drone position: (0.438, 0.995, 0.067)

56977282 Setpoint: (0.486, 0.998, 0.181); Drone position: (0.440, 0.995, 0.078)

56977391 Setpoint: (0.486, 0.998, 0.195); Drone position: (0.442, 0.995, 0.089)

56977483 Setpoint: (0.486, 0.998, 0.206); Drone position: (0.444, 0.995, 0.099)

56977571 Setpoint: (0.486, 0.998, 0.218); Drone position: (0.445, 0.995, 0.106)

56977682 Setpoint: (0.486, 0.998, 0.232); Drone position: (0.447, 0.995, 0.119)

56977772 Setpoint: (0.486, 0.998, 0.243); Drone position: (0.447, 0.996, 0.125)

56977885 Setpoint: (0.486, 0.998, 0.258); Drone position: (0.449, 0.996, 0.138)

56977974 Setpoint: (0.486, 0.998, 0.269); Drone position: (0.449, 0.996, 0.145)

56978087 Setpoint: (0.486, 0.998, 0.284); Drone position: (0.450, 0.996, 0.158)

56978175 Setpoint: (0.486, 0.998, 0.296); Drone position: (0.451, 0.996, 0.164)

56978287 Setpoint: (0.486, 0.998, 0.310); Drone position: (0.451, 0.996, 0.173)

56978378 Setpoint: (0.486, 0.999, 0.322); Drone position: (0.451, 0.996, 0.183)

56978492 Setpoint: (0.486, 0.999, 0.337); Drone position: (0.452, 0.997, 0.196)

56978577 Setpoint: (0.486, 0.999, 0.349); Drone position: (0.452, 0.997, 0.203)

56978690 Setpoint: (0.486, 0.999, 0.364); Drone position: (0.453, 0.997, 0.217)

56978791 Setpoint: (0.486, 0.999, 0.377); Drone position: (0.453, 0.997, 0.227)

56978889 Setpoint: (0.486, 0.999, 0.390); Drone position: (0.453, 0.997, 0.239)

56978979 Setpoint: (0.486, 0.999, 0.402); Drone position: (0.453, 0.997, 0.247)

56979090 Setpoint: (0.486, 0.999, 0.416); Drone position: (0.453, 0.998, 0.263)

56979180 Setpoint: (0.486, 0.999, 0.428); Drone position: (0.454, 0.998, 0.276)

56979291 Setpoint: (0.486, 0.999, 0.442); Drone position: (0.455, 0.998, 0.289)

56979381 Setpoint: (0.486, 0.999, 0.452); Drone position: (0.457, 0.998, 0.302)

56979493 Setpoint: (0.486, 0.999, 0.465); Drone position: (0.458, 0.998, 0.316)

56979583 Setpoint: (0.486, 0.999, 0.474); Drone position: (0.458, 0.998, 0.330)

56979692 Setpoint: (0.486, 1.000, 0.484); Drone position: (0.458, 0.998, 0.344)

56979784 Setpoint: (0.486, 1.000, 0.491); Drone position: (0.459, 0.998, 0.359)

56979873 Setpoint: (0.486, 1.000, 0.493); Drone position: (0.459, 0.998, 0.369)

56979986 Setpoint: (0.486, 1.000, 0.493); Drone position: (0.460, 0.998, 0.390)

56980072 Setpoint: (0.486, 1.000, 0.493); Drone position: (0.460, 0.998, 0.400)

56980185 Setpoint: (0.486, 1.000, 0.493); Drone position: (0.460, 0.998, 0.420)

56980273 Setpoint: (0.486, 1.000, 0.493); Drone position: (0.460, 0.998, 0.429)

56980387 Setpoint: (0.486, 1.000, 0.493); Drone position: (0.460, 0.998, 0.448)

56980474 Setpoint: (0.486, 1.000, 0.493); Drone position: (0.460, 0.999, 0.457)

56980587 Setpoint: (0.486, 1.000, 0.493); Drone position: (0.460, 1.000, 0.473)

56980681 Setpoint: (0.486, 1.000, 0.493); Drone position: (0.461, 1.002, 0.485)

56980789 Setpoint: (0.486, 1.000, 0.493); Drone position: (0.461, 1.003, 0.495)

56980878 Setpoint: (0.486, 1.000, 0.493); Drone position: (0.461, 1.004, 0.501)

56980978 Setpoint: (0.486, 1.000, 0.493); Drone position: (0.461, 1.005, 0.509)

56981079 Setpoint: (0.486, 1.000, 0.493); Drone position: (0.461, 1.006, 0.516)

56981190 Setpoint: (0.486, 1.000, 0.493); Drone position: (0.462, 1.007, 0.523)

56981279 Setpoint: (0.486, 1.000, 0.493); Drone position: (0.462, 1.007, 0.526)

56981392 Setpoint: (0.486, 1.000, 0.493); Drone position: (0.463, 1.008, 0.530)

56981481 Setpoint: (0.486, 1.000, 0.493); Drone position: (0.463, 1.008, 0.531)

56981592 Setpoint: (0.486, 1.000, 0.493); Drone position: (0.463, 1.009, 0.531)

56981683 Setpoint: (0.486, 1.000, 0.493); Drone position: (0.462, 1.009, 0.530)

56981783 Setpoint: (0.478, 1.000, 0.493); Drone position: (0.462, 1.009, 0.528)

56981876 Setpoint: (0.470, 1.000, 0.493); Drone position: (0.461, 1.009, 0.527)

56981972 Setpoint: (0.461, 1.000, 0.493); Drone position: (0.460, 1.009, 0.524)

56982085 Setpoint: (0.450, 1.000, 0.493); Drone position: (0.458, 1.010, 0.520)

56982173 Setpoint: (0.441, 1.000, 0.493); Drone position: (0.457, 1.010, 0.518)

56982285 Setpoint: (0.428, 1.000, 0.493); Drone position: (0.455, 1.010, 0.514)

56982374 Setpoint: (0.418, 1.000, 0.493); Drone position: (0.453, 1.010, 0.512)

56982486 Setpoint: (0.405, 1.000, 0.493); Drone position: (0.451, 1.010, 0.508)

56982575 Setpoint: (0.394, 1.000, 0.493); Drone position: (0.450, 1.010, 0.505)

56982683 Setpoint: (0.381, 1.000, 0.493); Drone position: (0.446, 1.010, 0.501)

56982778 Setpoint: (0.370, 1.000, 0.493); Drone position: (0.444, 1.010, 0.498)

56982888 Setpoint: (0.356, 1.000, 0.493); Drone position: (0.439, 1.010, 0.494)

56982977 Setpoint: (0.345, 1.000, 0.493); Drone position: (0.436, 1.010, 0.492)

56983078 Setpoint: (0.332, 1.001, 0.493); Drone position: (0.431, 1.009, 0.489)

56983179 Setpoint: (0.319, 1.001, 0.493); Drone position: (0.424, 1.008, 0.486)

56983278 Setpoint: (0.307, 1.001, 0.493); Drone position: (0.418, 1.008, 0.483)

56983380 Setpoint: (0.293, 1.001, 0.493); Drone position: (0.410, 1.007, 0.480)

56983480 Setpoint: (0.280, 1.001, 0.493); Drone position: (0.398, 1.006, 0.477)

56983582 Setpoint: (0.267, 1.001, 0.493); Drone position: (0.389, 1.006, 0.475)

56983680 Setpoint: (0.254, 1.001, 0.493); Drone position: (0.382, 1.005, 0.473)

56983769 Setpoint: (0.243, 1.001, 0.493); Drone position: (0.371, 1.004, 0.472)

56983883 Setpoint: (0.228, 1.001, 0.493); Drone position: (0.357, 1.003, 0.471)

56983973 Setpoint: (0.216, 1.001, 0.493); Drone position: (0.350, 1.002, 0.470)

56984084 Setpoint: (0.201, 1.001, 0.493); Drone position: (0.334, 1.001, 0.470)

56984172 Setpoint: (0.189, 1.001, 0.493); Drone position: (0.325, 1.001, 0.470)

56984285 Setpoint: (0.174, 1.002, 0.493); Drone position: (0.307, 1.000, 0.470)

56984375 Setpoint: (0.163, 1.002, 0.493); Drone position: (0.297, 1.000, 0.470)

56984486 Setpoint: (0.148, 1.002, 0.492); Drone position: (0.278, 1.000, 0.471)

56984574 Setpoint: (0.136, 1.002, 0.492); Drone position: (0.268, 1.000, 0.471)

56984689 Setpoint: (0.121, 1.002, 0.492); Drone position: (0.249, 1.000, 0.471)

56984775 Setpoint: (0.110, 1.002, 0.492); Drone position: (0.239, 1.000, 0.471)

56984890 Setpoint: (0.095, 1.002, 0.492); Drone position: (0.220, 1.000, 0.471)

56984977 Setpoint: (0.083, 1.002, 0.492); Drone position: (0.211, 1.000, 0.472)

56985088 Setpoint: (0.068, 1.002, 0.492); Drone position: (0.192, 1.000, 0.472)

56985177 Setpoint: (0.057, 1.002, 0.492); Drone position: (0.182, 1.000, 0.472)

56985286 Setpoint: (0.043, 1.002, 0.492); Drone position: (0.163, 1.000, 0.471)

56985390 Setpoint: (0.030, 1.002, 0.492); Drone position: (0.149, 1.000, 0.471)

56985480 Setpoint: (0.020, 1.002, 0.492); Drone position: (0.139, 1.000, 0.471)

56985579 Setpoint: (0.011, 1.003, 0.492); Drone position: (0.125, 1.001, 0.471)

56985685 Setpoint: (0.008, 1.003, 0.492); Drone position: (0.107, 1.001, 0.471)

56985782 Setpoint: (0.008, 1.003, 0.492); Drone position: (0.094, 1.001, 0.471)

56985881 Setpoint: (0.008, 1.003, 0.492); Drone position: (0.081, 1.001, 0.471)

56985981 Setpoint: (0.008, 1.003, 0.492); Drone position: (0.069, 1.001, 0.471)

56986082 Setpoint: (0.008, 1.003, 0.492); Drone position: (0.057, 1.000, 0.471)

56986183 Setpoint: (0.008, 1.003, 0.492); Drone position: (0.046, 1.000, 0.471)

56986285 Setpoint: (0.016, 1.002, 0.492); Drone position: (0.036, 1.000, 0.471)

56986372 Setpoint: (0.024, 1.004, 0.492); Drone position: (0.029, 1.000, 0.472)

56986485 Setpoint: (0.035, 1.014, 0.492); Drone position: (0.018, 1.000, 0.474)

56986573 Setpoint: (0.044, 1.022, 0.492); Drone position: (0.013, 1.000, 0.475)

56986686 Setpoint: (0.055, 1.034, 0.492); Drone position: (0.005, 1.001, 0.477)

56986775 Setpoint: (0.064, 1.044, 0.492); Drone position: (0.002, 1.002, 0.479)

56986887 Setpoint: (0.075, 1.057, 0.492); Drone position: (-0.003, 1.004, 0.481)

56986977 Setpoint: (0.085, 1.068, 0.492); Drone position: (-0.005, 1.005, 0.483)

56987088 Setpoint: (0.096, 1.082, 0.492); Drone position: (-0.007, 1.009, 0.486)

56987177 Setpoint: (0.104, 1.093, 0.492); Drone position: (-0.006, 1.012, 0.487)

56987291 Setpoint: (0.115, 1.108, 0.492); Drone position: (-0.004, 1.019, 0.489)

56987379 Setpoint: (0.124, 1.119, 0.492); Drone position: (-0.002, 1.023, 0.490)

56987478 Setpoint: (0.133, 1.133, 0.492); Drone position: (0.002, 1.029, 0.491)

56987581 Setpoint: (0.142, 1.147, 0.484); Drone position: (0.007, 1.037, 0.492)

56987691 Setpoint: (0.151, 1.161, 0.475); Drone position: (0.016, 1.047, 0.493)

56987779 Setpoint: (0.157, 1.174, 0.468); Drone position: (0.021, 1.053, 0.494)

56987892 Setpoint: (0.157, 1.189, 0.459); Drone position: (0.033, 1.065, 0.494)

56987980 Setpoint: (0.157, 1.202, 0.452); Drone position: (0.040, 1.072, 0.495)

56988072 Setpoint: (0.157, 1.215, 0.445); Drone position: (0.051, 1.082, 0.495)

56988183 Setpoint: (0.162, 1.231, 0.436); Drone position: (0.067, 1.098, 0.494)

56988278 Setpoint: (0.170, 1.245, 0.430); Drone position: (0.075, 1.106, 0.494)

56988392 Setpoint: (0.179, 1.261, 0.430); Drone position: (0.093, 1.123, 0.492)

56988472 Setpoint: (0.186, 1.273, 0.430); Drone position: (0.102, 1.132, 0.491)

56988587 Setpoint: (0.196, 1.290, 0.430); Drone position: (0.120, 1.150, 0.490)

56988674 Setpoint: (0.204, 1.303, 0.430); Drone position: (0.129, 1.159, 0.489)

56988786 Setpoint: (0.215, 1.320, 0.430); Drone position: (0.146, 1.177, 0.486)

56988875 Setpoint: (0.223, 1.334, 0.430); Drone position: (0.155, 1.186, 0.484)

56988987 Setpoint: (0.234, 1.351, 0.430); Drone position: (0.173, 1.205, 0.480)

56989076 Setpoint: (0.243, 1.365, 0.429); Drone position: (0.182, 1.214, 0.478)

56989179 Setpoint: (0.253, 1.382, 0.429); Drone position: (0.196, 1.229, 0.474)

56989290 Setpoint: (0.264, 1.399, 0.429); Drone position: (0.213, 1.248, 0.468)

56989389 Setpoint: (0.273, 1.415, 0.429); Drone position: (0.226, 1.263, 0.464)

56989478 Setpoint: (0.282, 1.429, 0.429); Drone position: (0.234, 1.273, 0.461)

56989590 Setpoint: (0.292, 1.448, 0.429); Drone position: (0.249, 1.293, 0.455)

56989680 Setpoint: (0.300, 1.462, 0.429); Drone position: (0.257, 1.303, 0.452)

56989791 Setpoint: (0.310, 1.480, 0.429); Drone position: (0.270, 1.323, 0.446)

56989881 Setpoint: (0.318, 1.494, 0.429); Drone position: (0.280, 1.338, 0.442)

56989993 Setpoint: (0.327, 1.512, 0.429); Drone position: (0.290, 1.352, 0.438)

56990081 Setpoint: (0.335, 1.527, 0.429); Drone position: (0.296, 1.363, 0.436)

56990192 Setpoint: (0.344, 1.545, 0.429); Drone position: (0.308, 1.382, 0.432)

56990283 Setpoint: (0.352, 1.559, 0.429); Drone position: (0.313, 1.392, 0.430)

56990376 Setpoint: (0.360, 1.575, 0.428); Drone position: (0.321, 1.407, 0.428)

56990488 Setpoint: (0.368, 1.594, 0.426); Drone position: (0.331, 1.426, 0.425)

56990573 Setpoint: (0.375, 1.608, 0.419); Drone position: (0.336, 1.437, 0.423)

56990685 Setpoint: (0.384, 1.627, 0.410); Drone position: (0.345, 1.457, 0.421)

56990775 Setpoint: (0.391, 1.642, 0.402); Drone position: (0.350, 1.468, 0.420)

56990886 Setpoint: (0.400, 1.661, 0.392); Drone position: (0.358, 1.488, 0.419)

56990974 Setpoint: (0.407, 1.676, 0.385); Drone position: (0.363, 1.500, 0.419)

56991088 Setpoint: (0.416, 1.695, 0.375); Drone position: (0.370, 1.522, 0.418)

56991175 Setpoint: (0.423, 1.711, 0.368); Drone position: (0.374, 1.533, 0.417)

56991291 Setpoint: (0.433, 1.731, 0.358); Drone position: (0.381, 1.555, 0.416)

56991382 Setpoint: (0.441, 1.746, 0.351); Drone position: (0.385, 1.572, 0.414)

56991490 Setpoint: (0.450, 1.765, 0.342); Drone position: (0.390, 1.589, 0.412)

56991577 Setpoint: (0.459, 1.780, 0.335); Drone position: (0.393, 1.600, 0.411)

56991689 Setpoint: (0.469, 1.800, 0.326); Drone position: (0.400, 1.623, 0.409)

56991781 Setpoint: (0.477, 1.816, 0.319); Drone position: (0.403, 1.634, 0.408)

56991891 Setpoint: (0.488, 1.835, 0.319); Drone position: (0.409, 1.657, 0.405)

56991983 Setpoint: (0.497, 1.851, 0.319); Drone position: (0.415, 1.675, 0.403)

56992091 Setpoint: (0.508, 1.869, 0.319); Drone position: (0.420, 1.693, 0.401)

56992182 Setpoint: (0.517, 1.883, 0.319); Drone position: (0.426, 1.710, 0.398)

56992272 Setpoint: (0.526, 1.898, 0.319); Drone position: (0.431, 1.722, 0.395)

56992383 Setpoint: (0.536, 1.915, 0.319); Drone position: (0.440, 1.745, 0.389)

56992477 Setpoint: (0.544, 1.928, 0.319); Drone position: (0.444, 1.757, 0.386)

56992585 Setpoint: (0.545, 1.944, 0.319); Drone position: (0.454, 1.780, 0.379)

56992685 Setpoint: (0.545, 1.957, 0.319); Drone position: (0.462, 1.797, 0.373)

56992774 Setpoint: (0.545, 1.969, 0.319); Drone position: (0.468, 1.808, 0.368)

56992886 Setpoint: (0.545, 1.982, 0.318); Drone position: (0.477, 1.825, 0.361)

56992974 Setpoint: (0.545, 1.991, 0.318); Drone position: (0.486, 1.841, 0.354)

56993087 Setpoint: (0.545, 2.001, 0.318); Drone position: (0.497, 1.862, 0.343)

56993175 Setpoint: (0.545, 2.003, 0.318); Drone position: (0.503, 1.872, 0.338)

56993287 Setpoint: (0.547, 2.003, 0.318); Drone position: (0.514, 1.891, 0.327)

56993392 Setpoint: (0.555, 2.003, 0.318); Drone position: (0.522, 1.905, 0.320)

56993483 Setpoint: (0.563, 2.003, 0.318); Drone position: (0.530, 1.918, 0.313)

56993575 Setpoint: (0.571, 2.000, 0.318); Drone position: (0.535, 1.926, 0.309)

56993688 Setpoint: (0.582, 1.990, 0.318); Drone position: (0.544, 1.941, 0.302)

56993790 Setpoint: (0.591, 1.980, 0.319); Drone position: (0.551, 1.951, 0.297)

56993889 Setpoint: (0.601, 1.969, 0.314); Drone position: (0.556, 1.959, 0.292)

56993989 Setpoint: (0.610, 1.958, 0.306); Drone position: (0.561, 1.965, 0.288)

56994090 Setpoint: (0.621, 1.946, 0.297); Drone position: (0.565, 1.970, 0.285)

56994190 Setpoint: (0.631, 1.934, 0.289); Drone position: (0.570, 1.973, 0.283)

56994291 Setpoint: (0.641, 1.921, 0.281); Drone position: (0.574, 1.973, 0.281)

56994391 Setpoint: (0.651, 1.908, 0.273); Drone position: (0.578, 1.972, 0.279)

56994492 Setpoint: (0.661, 1.894, 0.265); Drone position: (0.582, 1.970, 0.277)

56994583 Setpoint: (0.670, 1.882, 0.261); Drone position: (0.586, 1.967, 0.276)

56994673 Setpoint: (0.678, 1.870, 0.261); Drone position: (0.589, 1.965, 0.275)

56994785 Setpoint: (0.689, 1.854, 0.262); Drone position: (0.595, 1.958, 0.274)

56994872 Setpoint: (0.697, 1.842, 0.260); Drone position: (0.598, 1.953, 0.274)

56994986 Setpoint: (0.708, 1.826, 0.251); Drone position: (0.605, 1.943, 0.272)

56995073 Setpoint: (0.716, 1.813, 0.245); Drone position: (0.609, 1.937, 0.271)

56995186 Setpoint: (0.726, 1.797, 0.236); Drone position: (0.616, 1.925, 0.269)

56995276 Setpoint: (0.734, 1.783, 0.229); Drone position: (0.621, 1.918, 0.268)

56995389 Setpoint: (0.744, 1.767, 0.220); Drone position: (0.630, 1.903, 0.266)

56995477 Setpoint: (0.752, 1.753, 0.214); Drone position: (0.635, 1.895, 0.264)

56995587 Setpoint: (0.761, 1.737, 0.205); Drone position: (0.645, 1.879, 0.260)

56995679 Setpoint: (0.769, 1.723, 0.198); Drone position: (0.651, 1.870, 0.257)

56995789 Setpoint: (0.778, 1.706, 0.190); Drone position: (0.663, 1.852, 0.252)

56995878 Setpoint: (0.786, 1.692, 0.183); Drone position: (0.669, 1.843, 0.249)

56995990 Setpoint: (0.795, 1.675, 0.178); Drone position: (0.681, 1.823, 0.243)

56996079 Setpoint: (0.803, 1.661, 0.178); Drone position: (0.687, 1.813, 0.240)

56996192 Setpoint: (0.812, 1.643, 0.178); Drone position: (0.700, 1.793, 0.232)

56996280 Setpoint: (0.820, 1.630, 0.178); Drone position: (0.707, 1.783, 0.228)

56996390 Setpoint: (0.830, 1.612, 0.178); Drone position: (0.720, 1.763, 0.220)

56996484 Setpoint: (0.838, 1.598, 0.178); Drone position: (0.729, 1.748, 0.214)

56996589 Setpoint: (0.848, 1.581, 0.178); Drone position: (0.738, 1.733, 0.207)

56996685 Setpoint: (0.856, 1.566, 0.178); Drone position: (0.747, 1.718, 0.201)

56996773 Setpoint: (0.864, 1.552, 0.179); Drone position: (0.754, 1.707, 0.197)

56996884 Setpoint: (0.874, 1.535, 0.179); Drone position: (0.766, 1.687, 0.189)

56996973 Setpoint: (0.881, 1.521, 0.179); Drone position: (0.772, 1.677, 0.185)

56997084 Setpoint: (0.881, 1.503, 0.179); Drone position: (0.785, 1.656, 0.178)

56997175 Setpoint: (0.881, 1.489, 0.179); Drone position: (0.791, 1.645, 0.174)

56997286 Setpoint: (0.881, 1.473, 0.179); Drone position: (0.804, 1.624, 0.168)

56997376 Setpoint: (0.881, 1.459, 0.179); Drone position: (0.811, 1.613, 0.165)

56997490 Setpoint: (0.881, 1.442, 0.170); Drone position: (0.823, 1.593, 0.159)

56997576 Setpoint: (0.881, 1.430, 0.163); Drone position: (0.830, 1.582, 0.157)

56997684 Setpoint: (0.875, 1.418, 0.155); Drone position: (0.843, 1.562, 0.153)

56997777 Setpoint: (0.866, 1.402, 0.144); Drone position: (0.849, 1.552, 0.150)

56997888 Setpoint: (0.855, 1.388, 0.133); Drone position: (0.860, 1.532, 0.147)

56997979 Setpoint: (0.846, 1.376, 0.124); Drone position: (0.866, 1.522, 0.146)

56998089 Setpoint: (0.835, 1.362, 0.113); Drone position: (0.874, 1.502, 0.143)

56998179 Setpoint: (0.825, 1.351, 0.105); Drone position: (0.878, 1.492, 0.141)

56998290 Setpoint: (0.813, 1.337, 0.094); Drone position: (0.883, 1.473, 0.138)

56998383 Setpoint: (0.802, 1.326, 0.085); Drone position: (0.885, 1.459, 0.136)

56998468 Setpoint: (0.792, 1.316, 0.077); Drone position: (0.887, 1.449, 0.135)

56998579 Setpoint: (0.781, 1.306, 0.068); Drone position: (0.887, 1.435, 0.132)

56998674 Setpoint: (0.769, 1.294, 0.059); Drone position: (0.886, 1.422, 0.130)

56998802 Setpoint: (0.756, 1.282, 0.049); Drone position: (0.884, 1.409, 0.127)

56998888 Setpoint: (0.742, 1.270, 0.039); Drone position: (0.880, 1.391, 0.122)

56998988 Setpoint: (0.730, 1.259, 0.031); Drone position: (0.876, 1.379, 0.118)

56999085 Setpoint: (0.718, 1.248, 0.023); Drone position: (0.870, 1.366, 0.114)

56999187 Setpoint: (0.706, 1.238, 0.014); Drone position: (0.864, 1.354, 0.108)

56999288 Setpoint: (0.694, 1.227, 0.006); Drone position: (0.856, 1.342, 0.103)

56999388 Setpoint: (0.687, 1.221, 0.002); Drone position: (0.851, 1.334, 0.099)

56999494 Setpoint: (0.678, 1.212, -0.004); Drone position: (0.841, 1.322, 0.092)

56999576 Setpoint: (0.661, 1.197, -0.012); Drone position: (0.830, 1.311, 0.085)

56999688 Setpoint: (0.647, 1.185, -0.012); Drone position: (0.815, 1.296, 0.076)

56999788 Setpoint: (0.635, 1.175, -0.012); Drone position: (0.801, 1.285, 0.069)

56999888 Setpoint: (0.623, 1.165, -0.012); Drone position: (0.787, 1.275, 0.061)

56999991 Setpoint: (0.610, 1.155, -0.012); Drone position: (0.773, 1.264, 0.053)

57000091 Setpoint: (0.598, 1.146, -0.012); Drone position: (0.763, 1.257, 0.047)

57000190 Setpoint: (0.586, 1.137, -0.012); Drone position: (0.743, 1.243, 0.036)

57000279 Setpoint: (0.576, 1.129, -0.012); Drone position: (0.733, 1.237, 0.030)

57000392 Setpoint: (0.562, 1.119, -0.012); Drone position: (0.711, 1.223, 0.018)

57000481 Setpoint: (0.552, 1.111, -0.012); Drone position: (0.700, 1.216, 0.012)

57000593 Setpoint: (0.539, 1.101, -0.012); Drone position: (0.679, 1.203, 0.001)

57000682 Setpoint: (0.528, 1.094, -0.012); Drone position: (0.668, 1.196, -0.004)

57000794 Setpoint: (0.515, 1.084, -0.012); Drone position: (0.646, 1.183, -0.014)

57000883 Setpoint: (0.504, 1.077, -0.012); Drone position: (0.635, 1.177, -0.020)

57000994 Setpoint: (0.491, 1.069, -0.012); Drone position: (0.614, 1.164, -0.028)

57001085 Setpoint: (0.481, 1.062, -0.012); Drone position: (0.598, 1.155, -0.034)

57001195 Setpoint: (0.467, 1.062, -0.012); Drone position: (0.587, 1.149, -0.038)

57001287 Setpoint: (0.457, 1.062, -0.012); Drone position: (0.567, 1.138, -0.044)

57001375 Setpoint: (0.447, 1.062, -0.012); Drone position: (0.557, 1.132, -0.047)

57001486 Setpoint: (0.434, 1.062, -0.012); Drone position: (0.538, 1.122, -0.051)

57001576 Setpoint: (0.424, 1.062, -0.012); Drone position: (0.528, 1.117, -0.053)

57001686 Setpoint: (0.411, 1.062, -0.012); Drone position: (0.509, 1.109, -0.057)

57001781 Setpoint: (0.401, 1.062, -0.012); Drone position: (0.506, 1.107, -0.057)

57001894 Setpoint: (0.388, 1.062, -0.012); Drone position: (0.483, 1.098, -0.059)

57001967 Setpoint: (0.381, 1.062, -0.012); Drone position: (0.475, 1.095, -0.060)

57002067 Setpoint: (0.370, 1.062, -0.012); Drone position: (0.467, 1.092, -0.060)

57002167 Setpoint: (0.360, 1.062, -0.012); Drone position: (0.452, 1.087, -0.060)

57002268 Setpoint: (0.349, 1.063, -0.012); Drone position: (0.445, 1.085, -0.060)

57002368 Setpoint: (0.339, 1.063, -0.012); Drone position: (0.432, 1.081, -0.060)

57002468 Setpoint: (0.329, 1.063, -0.012); Drone position: (0.422, 1.079, -0.058)

57002570 Setpoint: (0.319, 1.063, -0.012); Drone position: (0.414, 1.077, -0.057)

57002668 Setpoint: (0.309, 1.063, -0.012); Drone position: (0.406, 1.076, -0.056)

57002783 Setpoint: (0.298, 1.063, -0.012); Drone position: (0.398, 1.074, -0.053)

57002893 Setpoint: (0.287, 1.063, -0.012); Drone position: (0.388, 1.073, -0.050)

57002983 Setpoint: (0.278, 1.063, -0.012); Drone position: (0.383, 1.073, -0.048)

57003095 Setpoint: (0.266, 1.063, -0.012); Drone position: (0.375, 1.072, -0.045)

57003183 Setpoint: (0.258, 1.063, -0.012); Drone position: (0.368, 1.072, -0.043)

57003295 Setpoint: (0.247, 1.067, -0.012); Drone position: (0.361, 1.071, -0.040)

57003385 Setpoint: (0.238, 1.074, -0.012); Drone position: (0.357, 1.071, -0.038)

57003475 Setpoint: (0.230, 1.082, -0.012); Drone position: (0.347, 1.071, -0.034)

57003584 Setpoint: (0.220, 1.092, -0.013); Drone position: (0.343, 1.071, -0.032)

57003686 Setpoint: (0.211, 1.102, -0.013); Drone position: (0.332, 1.071, -0.029)

57003787 Setpoint: (0.202, 1.112, -0.013); Drone position: (0.328, 1.072, -0.027)

57003876 Setpoint: (0.195, 1.121, -0.013); Drone position: (0.317, 1.074, -0.024)

57003988 Setpoint: (0.194, 1.133, -0.013); Drone position: (0.310, 1.077, -0.021)

57004078 Setpoint: (0.194, 1.142, -0.013); Drone position: (0.302, 1.079, -0.019)

57004189 Setpoint: (0.194, 1.153, -0.013); Drone position: (0.290, 1.084, -0.016)

57004279 Setpoint: (0.194, 1.161, -0.013); Drone position: (0.285, 1.086, -0.015)

57004390 Setpoint: (0.194, 1.170, -0.013); Drone position: (0.276, 1.091, -0.013)

57004491 Setpoint: (0.194, 1.177, -0.013); Drone position: (0.265, 1.098, -0.011)

57004582 Setpoint: (0.194, 1.177, -0.013); Drone position: (0.260, 1.102, -0.010)

57004683 Setpoint: (0.194, 1.177, -0.013); Drone position: (0.253, 1.108, -0.010)

57004792 Setpoint: (0.194, 1.177, -0.013); Drone position: (0.246, 1.115, -0.009)

57004884 Setpoint: (0.194, 1.177, -0.013); Drone position: (0.241, 1.119, -0.009)

57004993 Setpoint: (0.194, 1.177, -0.013); Drone position: (0.231, 1.128, -0.009)

57005086 Setpoint: (0.194, 1.177, -0.013); Drone position: (0.227, 1.132, -0.009)

57005194 Setpoint: (0.194, 1.177, -0.013); Drone position: (0.216, 1.142, -0.010)

57005284 Setpoint: (0.197, 1.177, -0.013); Drone position: (0.212, 1.146, -0.010)

57005372 Setpoint: (0.205, 1.177, -0.013); Drone position: (0.207, 1.152, -0.010)

57005484 Setpoint: (0.214, 1.176, -0.013); Drone position: (0.202, 1.157, -0.010)

57005584 Setpoint: (0.223, 1.176, -0.013); Drone position: (0.198, 1.162, -0.010)

57005686 Setpoint: (0.232, 1.176, -0.013); Drone position: (0.196, 1.166, -0.010)

57005775 Setpoint: (0.240, 1.176, -0.013); Drone position: (0.195, 1.168, -0.010)

57005888 Setpoint: (0.251, 1.176, -0.013); Drone position: (0.194, 1.172, -0.009)

57005978 Setpoint: (0.259, 1.176, -0.013); Drone position: (0.195, 1.173, -0.008)

57006088 Setpoint: (0.269, 1.176, -0.013); Drone position: (0.197, 1.175, -0.008)

57006178 Setpoint: (0.277, 1.176, -0.013); Drone position: (0.199, 1.176, -0.007)

57006291 Setpoint: (0.287, 1.176, -0.013); Drone position: (0.203, 1.177, -0.008)

57006388 Setpoint: (0.296, 1.176, -0.013); Drone position: (0.208, 1.178, -0.008)

57006482 Setpoint: (0.304, 1.176, -0.013); Drone position: (0.211, 1.178, -0.009)

57006581 Setpoint: (0.313, 1.176, -0.013); Drone position: (0.217, 1.178, -0.010)

57006692 Setpoint: (0.322, 1.176, -0.013); Drone position: (0.226, 1.178, -0.011)

57006782 Setpoint: (0.329, 1.176, -0.013); Drone position: (0.231, 1.177, -0.011)

57006892 Setpoint: (0.338, 1.176, -0.013); Drone position: (0.242, 1.177, -0.013)

57006983 Setpoint: (0.345, 1.176, -0.013); Drone position: (0.249, 1.176, -0.014)

57007093 Setpoint: (0.354, 1.176, -0.013); Drone position: (0.262, 1.176, -0.016)

57007184 Setpoint: (0.356, 1.176, -0.013); Drone position: (0.269, 1.176, -0.017)

57007294 Setpoint: (0.356, 1.176, -0.013); Drone position: (0.283, 1.176, -0.019)

57007385 Setpoint: (0.356, 1.176, -0.013); Drone position: (0.290, 1.176, -0.020)

57007480 Setpoint: (0.356, 1.176, -0.013); Drone position: (0.302, 1.176, -0.022)

57007585 Setpoint: (0.356, 1.176, -0.013); Drone position: (0.317, 1.176, -0.025)

57007675 Setpoint: (0.356, 1.176, -0.013); Drone position: (0.325, 1.176, -0.026)

57007787 Setpoint: (0.356, 1.176, -0.013); Drone position: (0.340, 1.176, -0.028)

57007875 Setpoint: (0.356, 1.176, -0.013); Drone position: (0.348, 1.176, -0.029)

57007987 Setpoint: (0.356, 1.176, -0.013); Drone position: (0.361, 1.176, -0.030)

57008077 Setpoint: (0.356, 1.176, -0.013); Drone position: (0.368, 1.176, -0.030)

57008187 Setpoint: (0.356, 1.176, -0.013); Drone position: (0.378, 1.176, -0.031)

57008291 Setpoint: (0.356, 1.176, -0.013); Drone position: (0.389, 1.176, -0.032)

57008381 Setpoint: (0.356, 1.176, -0.013); Drone position: (0.395, 1.176, -0.033)

57008492 Setpoint: (0.356, 1.176, -0.013); Drone position: (0.405, 1.176, -0.033)

57008582 Setpoint: (0.356, 1.176, -0.013); Drone position: (0.410, 1.176, -0.034)

57008670 Setpoint: (0.356, 1.176, -0.013); Drone position: (0.416, 1.176, -0.034)

57008790 Setpoint: (0.356, 1.176, -0.013); Drone position: (0.421, 1.176, -0.035)

57008887 Setpoint: (0.356, 1.176, -0.013); Drone position: (0.425, 1.176, -0.035)

57008969 Setpoint: (0.356, 1.176, -0.013); Drone position: (0.426, 1.176, -0.036)

57009071 Setpoint: (0.356, 1.176, -0.013); Drone position: (0.428, 1.176, -0.036)

57009170 Setpoint: (0.356, 1.176, -0.013); Drone position: (0.430, 1.176, -0.036)

57009272 Setpoint: (0.356, 1.176, -0.013); Drone position: (0.430, 1.176, -0.036)

57009373 Setpoint: (0.356, 1.176, -0.013); Drone position: (0.430, 1.176, -0.035)

57009472 Setpoint: (0.356, 1.176, -0.013); Drone position: (0.429, 1.176, -0.035)

57009573 Setpoint: (0.356, 1.176, -0.013); Drone position: (0.428, 1.176, -0.034)

57009673 Setpoint: (0.356, 1.176, -0.013); Drone position: (0.427, 1.176, -0.033)

57009785 Setpoint: (0.356, 1.176, -0.013); Drone position: (0.424, 1.176, -0.032)

57009874 Setpoint: (0.356, 1.176, -0.013); Drone position: (0.422, 1.176, -0.031)

57009987 Setpoint: (0.356, 1.176, -0.013); Drone position: (0.417, 1.176, -0.028)

57010076 Setpoint: (0.356, 1.176, -0.013); Drone position: (0.414, 1.176, -0.027)

57010187 Setpoint: (0.356, 1.176, -0.013); Drone position: (0.408, 1.176, -0.024)

57010277 Setpoint: (0.352, 1.176, -0.013); Drone position: (0.404, 1.176, -0.023)

57010388 Setpoint: (0.343, 1.176, -0.013); Drone position: (0.396, 1.176, -0.020)

57010480 Setpoint: (0.335, 1.176, -0.013); Drone position: (0.392, 1.176, -0.018)

57010592 Setpoint: (0.325, 1.176, -0.013); Drone position: (0.383, 1.175, -0.016)

57010681 Setpoint: (0.317, 1.176, -0.013); Drone position: (0.378, 1.175, -0.014)

57010793 Setpoint: (0.306, 1.176, -0.013); Drone position: (0.369, 1.176, -0.011)

57010884 Setpoint: (0.298, 1.176, -0.013); Drone position: (0.364, 1.176, -0.010)

57010994 Setpoint: (0.287, 1.176, -0.013); Drone position: (0.355, 1.176, -0.007)

57011085 Setpoint: (0.278, 1.176, -0.013); Drone position: (0.348, 1.176, -0.005)

57011186 Setpoint: (0.268, 1.176, -0.013); Drone position: (0.342, 1.176, -0.004)

57011294 Setpoint: (0.257, 1.176, -0.013); Drone position: (0.336, 1.176, -0.003)

57011389 Setpoint: (0.247, 1.176, -0.013); Drone position: (0.329, 1.176, -0.002)

57011490 Setpoint: (0.237, 1.176, -0.013); Drone position: (0.323, 1.176, -0.002)

57011586 Setpoint: (0.227, 1.176, -0.013); Drone position: (0.319, 1.176, -0.001)

57011689 Setpoint: (0.216, 1.176, -0.013); Drone position: (0.310, 1.177, 0.000)

57011785 Setpoint: (0.206, 1.177, -0.013); Drone position: (0.305, 1.177, 0.000)

57011888 Setpoint: (0.195, 1.177, -0.013); Drone position: (0.295, 1.177, 0.001)

57011987 Setpoint: (0.185, 1.177, -0.013); Drone position: (0.288, 1.177, 0.002)

57012090 Setpoint: (0.174, 1.177, -0.013); Drone position: (0.280, 1.177, 0.002)

57012190 Setpoint: (0.164, 1.177, -0.013); Drone position: (0.271, 1.177, 0.002)

57012279 Setpoint: (0.155, 1.177, -0.013); Drone position: (0.266, 1.177, 0.002)

57012390 Setpoint: (0.143, 1.177, -0.013); Drone position: (0.255, 1.177, 0.002)

57012481 Setpoint: (0.134, 1.177, -0.013); Drone position: (0.250, 1.177, 0.002)

57012581 Setpoint: (0.123, 1.177, -0.013); Drone position: (0.241, 1.177, 0.001)

57012683 Setpoint: (0.112, 1.177, -0.013); Drone position: (0.233, 1.178, 0.000)

57012791 Setpoint: (0.101, 1.177, -0.013); Drone position: (0.222, 1.178, -0.001)

57012882 Setpoint: (0.092, 1.177, -0.013); Drone position: (0.215, 1.178, -0.002)

57012993 Setpoint: (0.080, 1.177, -0.013); Drone position: (0.203, 1.177, -0.003)

57013087 Setpoint: (0.071, 1.177, -0.013); Drone position: (0.194, 1.177, -0.005)

57013186 Setpoint: (0.060, 1.177, -0.013); Drone position: (0.187, 1.177, -0.006)

57013289 Setpoint: (0.050, 1.177, -0.013); Drone position: (0.175, 1.177, -0.008)

57013377 Setpoint: (0.040, 1.178, -0.013); Drone position: (0.168, 1.177, -0.010)

57013472 Setpoint: (0.030, 1.178, -0.013); Drone position: (0.159, 1.177, -0.012)

57013571 Setpoint: (0.020, 1.178, -0.013); Drone position: (0.149, 1.177, -0.014)

57013673 Setpoint: (0.010, 1.178, -0.014); Drone position: (0.139, 1.178, -0.017)

57013774 Setpoint: (0.000, 1.178, -0.014); Drone position: (0.129, 1.178, -0.019)

57013873 Setpoint: (-0.008, 1.178, -0.014); Drone position: (0.119, 1.178, -0.022)

57013973 Setpoint: (-0.008, 1.178, -0.014); Drone position: (0.109, 1.178, -0.025)

57014074 Setpoint: (-0.008, 1.178, -0.014); Drone position: (0.099, 1.178, -0.028)

57014187 Setpoint: (-0.008, 1.178, -0.014); Drone position: (0.085, 1.178, -0.032)

57014275 Setpoint: (-0.008, 1.178, -0.014); Drone position: (0.078, 1.178, -0.033)

57014387 Setpoint: (-0.008, 1.178, -0.014); Drone position: (0.064, 1.178, -0.036)

57014477 Setpoint: (-0.008, 1.178, -0.014); Drone position: (0.057, 1.178, -0.037)

57014588 Setpoint: (-0.008, 1.178, -0.014); Drone position: (0.044, 1.178, -0.038)

57014679 Setpoint: (-0.008, 1.178, -0.014); Drone position: (0.038, 1.178, -0.038)

57014790 Setpoint: (-0.008, 1.178, -0.014); Drone position: (0.026, 1.178, -0.039)

57014880 Setpoint: (-0.008, 1.178, -0.014); Drone position: (0.020, 1.179, -0.039)

57014978 Setpoint: (-0.008, 1.178, -0.014); Drone position: (0.012, 1.179, -0.039)

57015081 Setpoint: (-0.008, 1.178, -0.014); Drone position: (0.005, 1.179, -0.039)

57015195 Setpoint: (-0.008, 1.178, -0.014); Drone position: (-0.003, 1.179, -0.038)

57015283 Setpoint: (-0.008, 1.178, -0.012); Drone position: (-0.006, 1.179, -0.038)

57015393 Setpoint: (-0.008, 1.178, -0.002); Drone position: (-0.012, 1.178, -0.037)

57015482 Setpoint: (-0.008, 1.178, 0.007); Drone position: (-0.014, 1.178, -0.036)

57015594 Setpoint: (-0.008, 1.178, 0.019); Drone position: (-0.017, 1.178, -0.033)

57015683 Setpoint: (-0.008, 1.178, 0.029); Drone position: (-0.018, 1.178, -0.032)

57015796 Setpoint: (-0.008, 1.178, 0.043); Drone position: (-0.018, 1.179, -0.029)

57015883 Setpoint: (-0.008, 1.178, 0.054); Drone position: (-0.017, 1.179, -0.027)

57015980 Setpoint: (-0.008, 1.178, 0.066); Drone position: (-0.016, 1.180, -0.024)

57016075 Setpoint: (-0.008, 1.178, 0.079); Drone position: (-0.015, 1.181, -0.021)

57016187 Setpoint: (-0.008, 1.178, 0.094); Drone position: (-0.014, 1.182, -0.017)

57016277 Setpoint: (-0.008, 1.179, 0.106); Drone position: (-0.012, 1.183, -0.012)

57016387 Setpoint: (-0.008, 1.179, 0.120); Drone position: (-0.010, 1.184, -0.005)

57016476 Setpoint: (-0.008, 1.179, 0.133); Drone position: (-0.008, 1.185, 0.000)

57016587 Setpoint: (-0.008, 1.179, 0.148); Drone position: (-0.005, 1.185, 0.009)

57016676 Setpoint: (-0.008, 1.179, 0.160); Drone position: (-0.003, 1.185, 0.015)

57016790 Setpoint: (-0.009, 1.179, 0.176); Drone position: (0.000, 1.185, 0.026)

57016888 Setpoint: (-0.009, 1.179, 0.189); Drone position: (0.002, 1.185, 0.036)

57016990 Setpoint: (-0.009, 1.179, 0.204); Drone position: (0.004, 1.185, 0.045)

57017092 Setpoint: (-0.009, 1.179, 0.218); Drone position: (0.005, 1.184, 0.056)

57017180 Setpoint: (-0.009, 1.179, 0.231); Drone position: (0.006, 1.184, 0.063)

57017292 Setpoint: (-0.009, 1.179, 0.247); Drone position: (0.008, 1.184, 0.079)

57017382 Setpoint: (-0.009, 1.180, 0.260); Drone position: (0.009, 1.184, 0.088)

57017493 Setpoint: (-0.009, 1.180, 0.276); Drone position: (0.012, 1.184, 0.106)

57017582 Setpoint: (-0.009, 1.180, 0.289); Drone position: (0.013, 1.184, 0.115)

57017694 Setpoint: (-0.009, 1.180, 0.305); Drone position: (0.014, 1.184, 0.134)

57017779 Setpoint: (-0.009, 1.180, 0.317); Drone position: (0.014, 1.184, 0.144)

57017890 Setpoint: (-0.009, 1.180, 0.333); Drone position: (0.014, 1.185, 0.165)

57017988 Setpoint: (-0.009, 1.180, 0.347); Drone position: (0.014, 1.185, 0.180)

57018086 Setpoint: (-0.009, 1.180, 0.361); Drone position: (0.014, 1.185, 0.196)

57018187 Setpoint: (-0.009, 1.180, 0.375); Drone position: (0.013, 1.186, 0.212)

57018286 Setpoint: (-0.009, 1.180, 0.390); Drone position: (0.013, 1.186, 0.229)

57018384 Setpoint: (-0.009, 1.180, 0.404); Drone position: (0.013, 1.186, 0.245)

57018487 Setpoint: (-0.009, 1.180, 0.418); Drone position: (0.013, 1.187, 0.261)

57018589 Setpoint: (-0.009, 1.181, 0.433); Drone position: (0.011, 1.187, 0.277)

57018690 Setpoint: (-0.009, 1.181, 0.447); Drone position: (0.010, 1.187, 0.293)

57018778 Setpoint: (-0.009, 1.181, 0.460); Drone position: (0.009, 1.187, 0.304)

57018888 Setpoint: (-0.009, 1.181, 0.475); Drone position: (0.007, 1.187, 0.326)

57018979 Setpoint: (-0.009, 1.181, 0.488); Drone position: (0.005, 1.187, 0.337)

57019089 Setpoint: (-0.009, 1.181, 0.502); Drone position: (0.002, 1.187, 0.358)

57019180 Setpoint: (-0.009, 1.181, 0.513); Drone position: (0.001, 1.188, 0.369)

57019291 Setpoint: (-0.009, 1.181, 0.527); Drone position: (-0.002, 1.188, 0.389)

57019380 Setpoint: (-0.009, 1.181, 0.537); Drone position: (-0.004, 1.188, 0.400)

57019491 Setpoint: (-0.009, 1.181, 0.549); Drone position: (-0.008, 1.189, 0.420)

57019583 Setpoint: (-0.009, 1.181, 0.558); Drone position: (-0.010, 1.188, 0.430)

57019693 Setpoint: (-0.009, 1.181, 0.568); Drone position: (-0.013, 1.187, 0.449)

57019785 Setpoint: (-0.009, 1.181, 0.576); Drone position: (-0.015, 1.187, 0.459)

57019895 Setpoint: (-0.009, 1.181, 0.580); Drone position: (-0.018, 1.185, 0.477)

57019984 Setpoint: (-0.009, 1.181, 0.580); Drone position: (-0.020, 1.185, 0.486)

57020074 Setpoint: (-0.009, 1.181, 0.580); Drone position: (-0.021, 1.184, 0.498)

57020185 Setpoint: (-0.009, 1.181, 0.574); Drone position: (-0.023, 1.184, 0.510)

57020285 Setpoint: (-0.009, 1.181, 0.564); Drone position: (-0.025, 1.183, 0.525)

57020393 Setpoint: (-0.009, 1.181, 0.553); Drone position: (-0.027, 1.182, 0.535)

57020476 Setpoint: (-0.009, 1.181, 0.543); Drone position: (-0.028, 1.181, 0.542)

57020588 Setpoint: (-0.009, 1.181, 0.529); Drone position: (-0.030, 1.180, 0.553)

57020676 Setpoint: (-0.009, 1.181, 0.518); Drone position: (-0.031, 1.180, 0.559)

57020789 Setpoint: (-0.009, 1.181, 0.503); Drone position: (-0.033, 1.179, 0.567)

57020877 Setpoint: (-0.009, 1.181, 0.491); Drone position: (-0.033, 1.178, 0.571)

57020991 Setpoint: (-0.009, 1.181, 0.476); Drone position: (-0.033, 1.178, 0.575)

57021078 Setpoint: (-0.009, 1.181, 0.463); Drone position: (-0.034, 1.178, 0.577)

57021191 Setpoint: (-0.009, 1.181, 0.447); Drone position: (-0.035, 1.178, 0.577)

57021287 Setpoint: (-0.009, 1.181, 0.433); Drone position: (-0.036, 1.178, 0.575)

57021385 Setpoint: (-0.009, 1.180, 0.419); Drone position: (-0.037, 1.178, 0.573)

57021472 Setpoint: (-0.009, 1.180, 0.406); Drone position: (-0.037, 1.178, 0.569)

57021570 Setpoint: (-0.009, 1.180, 0.392); Drone position: (-0.038, 1.178, 0.563)

57021673 Setpoint: (-0.009, 1.180, 0.377); Drone position: (-0.039, 1.178, 0.555)

57021770 Setpoint: (-0.009, 1.180, 0.363); Drone position: (-0.039, 1.178, 0.546)

57021871 Setpoint: (-0.009, 1.180, 0.348); Drone position: (-0.039, 1.177, 0.535)

57021972 Setpoint: (-0.009, 1.175, 0.333); Drone position: (-0.038, 1.177, 0.524)

57022072 Setpoint: (-0.009, 1.172, 0.318); Drone position: (-0.038, 1.177, 0.511)

57022173 Setpoint: (-0.009, 1.172, 0.303); Drone position: (-0.037, 1.177, 0.496)

57022297 Setpoint: (-0.009, 1.170, 0.285); Drone position: (-0.036, 1.176, 0.476)

57022385 Setpoint: (-0.009, 1.170, 0.272); Drone position: (-0.036, 1.176, 0.465)

57022475 Setpoint: (-0.009, 1.170, 0.259); Drone position: (-0.036, 1.175, 0.448)

57022587 Setpoint: (-0.009, 1.170, 0.242); Drone position: (-0.036, 1.174, 0.425)

57022677 Setpoint: (-0.009, 1.170, 0.228); Drone position: (-0.036, 1.173, 0.412)

57022789 Setpoint: (-0.009, 1.170, 0.212); Drone position: (-0.035, 1.172, 0.387)

57022878 Setpoint: (-0.009, 1.170, 0.198); Drone position: (-0.035, 1.171, 0.373)

57022990 Setpoint: (-0.003, 1.169, 0.182); Drone position: (-0.034, 1.170, 0.346)

57023079 Setpoint: (0.004, 1.169, 0.168); Drone position: (-0.033, 1.169, 0.331)

57023190 Setpoint: (0.012, 1.162, 0.152); Drone position: (-0.031, 1.168, 0.304)

57023281 Setpoint: (0.019, 1.155, 0.138); Drone position: (-0.030, 1.167, 0.290)

57023391 Setpoint: (0.028, 1.146, 0.121); Drone position: (-0.027, 1.165, 0.263)

57023481 Setpoint: (0.035, 1.146, 0.108); Drone position: (-0.026, 1.164, 0.249)

57023593 Setpoint: (0.044, 1.146, 0.091); Drone position: (-0.022, 1.161, 0.223)

57023685 Setpoint: (0.052, 1.144, 0.077); Drone position: (-0.020, 1.160, 0.210)

57023790 Setpoint: (0.060, 1.144, 0.061); Drone position: (-0.016, 1.157, 0.186)

57023880 Setpoint: (0.068, 1.144, 0.047); Drone position: (-0.014, 1.155, 0.174)

57023984 Setpoint: (0.077, 1.144, 0.031); Drone position: (-0.012, 1.153, 0.156)

57024095 Setpoint: (0.086, 1.144, 0.013); Drone position: (-0.007, 1.150, 0.134)

57024184 Setpoint: (0.093, 1.143, -0.001); Drone position: (-0.005, 1.149, 0.122)

57024296 Setpoint: (0.093, 1.143, -0.018); Drone position: (0.001, 1.147, 0.102)

57024387 Setpoint: (0.093, 1.143, -0.032); Drone position: (0.004, 1.146, 0.091)

57024475 Setpoint: (0.093, 1.143, -0.046); Drone position: (0.010, 1.144, 0.076)

57024587 Setpoint: (0.093, 1.143, -0.064); Drone position: (0.018, 1.142, 0.057)

57024694 Setpoint: (0.093, 1.143, -0.082); Drone position: (0.024, 1.141, 0.044)

57024788 Setpoint: (0.093, 1.143, -0.096); Drone position: (0.031, 1.140, 0.031)

57024884 Setpoint: (0.093, 1.138, -0.112); Drone position: (0.035, 1.139, 0.022)

57024966 Setpoint: (0.093, 1.132, -0.125); Drone position: (0.042, 1.138, 0.009)

57025067 Setpoint: (0.093, 1.124, -0.141); Drone position: (0.048, 1.137, -0.004)

57025168 Setpoint: (0.093, 1.116, -0.158); Drone position: (0.055, 1.136, -0.016)

57025267 Setpoint: (0.093, 1.113, -0.174); Drone position: (0.062, 1.135, -0.028)

57025369 Setpoint: (0.093, 1.113, -0.190); Drone position: (0.069, 1.134, -0.040)

57025469 Setpoint: (0.093, 1.113, -0.206); Drone position: (0.076, 1.132, -0.052)

57025584 Setpoint: (0.093, 1.113, -0.224); Drone position: (0.083, 1.131, -0.063)

57025692 Setpoint: (0.093, 1.113, -0.242); Drone position: (0.091, 1.128, -0.079)

57025781 Setpoint: (0.093, 1.113, -0.256); Drone position: (0.094, 1.127, -0.087)

57025896 Setpoint: (0.093, 1.113, -0.275); Drone position: (0.100, 1.125, -0.102)

57025984 Setpoint: (0.093, 1.113, -0.289); Drone position: (0.102, 1.124, -0.111)

57026096 Setpoint: (0.093, 1.113, -0.307); Drone position: (0.107, 1.122, -0.127)

57026183 Setpoint: (0.093, 1.113, -0.321); Drone position: (0.108, 1.121, -0.135)

57026296 Setpoint: (0.093, 1.112, -0.339); Drone position: (0.111, 1.119, -0.152)

57026384 Setpoint: (0.093, 1.112, -0.353); Drone position: (0.112, 1.118, -0.161)

57026474 Setpoint: (0.093, 1.112, -0.366); Drone position: (0.113, 1.117, -0.175)

57026586 Setpoint: (0.093, 1.109, -0.383); Drone position: (0.114, 1.116, -0.195)

57026676 Setpoint: (0.093, 1.102, -0.395); Drone position: (0.115, 1.115, -0.205)

57026788 Setpoint: (0.093, 1.092, -0.409); Drone position: (0.115, 1.113, -0.226)

57026880 Setpoint: (0.093, 1.085, -0.421); Drone position: (0.116, 1.112, -0.237)

57026988 Setpoint: (0.093, 1.078, -0.433); Drone position: (0.117, 1.110, -0.259)

57027077 Setpoint: (0.093, 1.078, -0.442); Drone position: (0.118, 1.109, -0.270)

57027185 Setpoint: (0.093, 1.078, -0.452); Drone position: (0.118, 1.106, -0.285)

57027296 Setpoint: (0.093, 1.078, -0.458); Drone position: (0.118, 1.103, -0.301)

57027385 Setpoint: (0.093, 1.078, -0.458); Drone position: (0.117, 1.101, -0.318)

57027472 Setpoint: (0.093, 1.078, -0.458); Drone position: (0.116, 1.098, -0.334)

57027569 Setpoint: (0.093, 1.078, -0.458); Drone position: (0.115, 1.095, -0.351)

57027670 Setpoint: (0.093, 1.078, -0.458); Drone position: (0.113, 1.092, -0.367)

57027771 Setpoint: (0.093, 1.078, -0.453); Drone position: (0.111, 1.090, -0.383)

57027872 Setpoint: (0.093, 1.078, -0.443); Drone position: (0.109, 1.087, -0.398)

57027971 Setpoint: (0.093, 1.078, -0.433); Drone position: (0.106, 1.084, -0.412)

57028072 Setpoint: (0.093, 1.078, -0.422); Drone position: (0.103, 1.082, -0.425)

57028173 Setpoint: (0.093, 1.078, -0.411); Drone position: (0.099, 1.081, -0.438)

57028297 Setpoint: (0.093, 1.078, -0.396); Drone position: (0.094, 1.078, -0.452)

57028388 Setpoint: (0.093, 1.078, -0.385); Drone position: (0.090, 1.077, -0.461)

57028496 Setpoint: (0.093, 1.078, -0.372); Drone position: (0.087, 1.076, -0.468)

57028584 Setpoint: (0.093, 1.079, -0.360); Drone position: (0.084, 1.075, -0.472)

57028674 Setpoint: (0.093, 1.079, -0.349); Drone position: (0.081, 1.074, -0.476)

57028787 Setpoint: (0.093, 1.079, -0.335); Drone position: (0.077, 1.074, -0.478)

57028882 Setpoint: (0.097, 1.079, -0.322); Drone position: (0.075, 1.073, -0.478)

57029006 Setpoint: (0.106, 1.079, -0.307); Drone position: (0.072, 1.073, -0.475)

57029081 Setpoint: (0.109, 1.079, -0.302); Drone position: (0.070, 1.073, -0.472)

57029190 Setpoint: (0.121, 1.079, -0.281); Drone position: (0.068, 1.073, -0.463)

57029288 Setpoint: (0.129, 1.079, -0.268); Drone position: (0.067, 1.073, -0.455)

57029389 Setpoint: (0.136, 1.079, -0.254); Drone position: (0.065, 1.073, -0.445)

57029490 Setpoint: (0.144, 1.079, -0.241); Drone position: (0.064, 1.073, -0.434)

57029590 Setpoint: (0.152, 1.079, -0.227); Drone position: (0.064, 1.073, -0.420)

57029692 Setpoint: (0.160, 1.079, -0.213); Drone position: (0.064, 1.073, -0.405)

57029791 Setpoint: (0.168, 1.079, -0.200); Drone position: (0.066, 1.073, -0.388)

57029892 Setpoint: (0.176, 1.079, -0.186); Drone position: (0.067, 1.073, -0.370)

57029981 Setpoint: (0.184, 1.079, -0.174); Drone position: (0.068, 1.073, -0.357)

57030093 Setpoint: (0.193, 1.079, -0.158); Drone position: (0.072, 1.073, -0.331)

57030182 Setpoint: (0.201, 1.079, -0.146); Drone position: (0.074, 1.073, -0.317)

57030295 Setpoint: (0.210, 1.079, -0.131); Drone position: (0.079, 1.073, -0.288)

57030383 Setpoint: (0.218, 1.079, -0.119); Drone position: (0.082, 1.073, -0.273)

57030496 Setpoint: (0.227, 1.079, -0.103); Drone position: (0.088, 1.073, -0.244)

57030584 Setpoint: (0.234, 1.079, -0.091); Drone position: (0.092, 1.073, -0.228)

57030673 Setpoint: (0.241, 1.079, -0.079); Drone position: (0.098, 1.074, -0.206)

57030787 Setpoint: (0.249, 1.079, -0.063); Drone position: (0.108, 1.074, -0.177)

57030877 Setpoint: (0.249, 1.079, -0.051); Drone position: (0.113, 1.075, -0.162)

57030986 Setpoint: (0.249, 1.080, -0.037); Drone position: (0.123, 1.075, -0.133)

57031076 Setpoint: (0.249, 1.080, -0.025); Drone position: (0.129, 1.076, -0.118)

57031189 Setpoint: (0.249, 1.080, -0.010); Drone position: (0.140, 1.077, -0.091)

57031278 Setpoint: (0.248, 1.080, 0.001); Drone position: (0.146, 1.078, -0.077)

57031389 Setpoint: (0.248, 1.080, 0.015); Drone position: (0.157, 1.079, -0.052)

57031479 Setpoint: (0.248, 1.080, 0.026); Drone position: (0.162, 1.079, -0.039)

57031580 Setpoint: (0.248, 1.080, 0.039); Drone position: (0.171, 1.080, -0.021)

57031678 Setpoint: (0.248, 1.080, 0.051); Drone position: (0.179, 1.081, -0.004)

57031777 Setpoint: (0.248, 1.080, 0.063); Drone position: (0.186, 1.081, 0.012)

57031869 Setpoint: (0.248, 1.080, 0.063); Drone position: (0.193, 1.082, 0.027)

57031969 Setpoint: (0.248, 1.080, 0.063); Drone position: (0.200, 1.082, 0.041)

57032071 Setpoint: (0.248, 1.080, 0.063); Drone position: (0.205, 1.083, 0.054)

57032171 Setpoint: (0.248, 1.080, 0.063); Drone position: (0.210, 1.083, 0.066)

57032272 Setpoint: (0.248, 1.080, 0.063); Drone position: (0.215, 1.084, 0.076)

57032373 Setpoint: (0.248, 1.080, 0.063); Drone position: (0.218, 1.084, 0.085)

57032471 Setpoint: (0.248, 1.080, 0.063); Drone position: (0.220, 1.084, 0.092)

57032596 Setpoint: (0.248, 1.080, 0.063); Drone position: (0.222, 1.085, 0.100)

57032687 Setpoint: (0.248, 1.080, 0.063); Drone position: (0.222, 1.085, 0.103)

57032773 Setpoint: (0.248, 1.080, 0.063); Drone position: (0.222, 1.086, 0.106)

57032885 Setpoint: (0.248, 1.080, 0.063); Drone position: (0.221, 1.087, 0.108)

57032974 Setpoint: (0.221, 1.087, 0.108); Drone position: (0.219, 1.087, 0.108)

57033086 Setpoint: (0.219, 1.087, 0.108); Drone position: (0.217, 1.087, 0.107)

57033177 Setpoint: (0.219, 1.087, 0.108); Drone position: (0.216, 1.086, 0.106)

57033287 Setpoint: (0.219, 1.087, 0.108); Drone position: (0.212, 1.076, 0.102)

57033377 Setpoint: (0.219, 1.087, 0.108); Drone position: (0.211, 1.066, 0.101)

57033489 Setpoint: (0.219, 1.087, 0.108); Drone position: (0.207, 1.029, 0.097)

57033578 Setpoint: (0.219, 1.087, 0.108); Drone position: (0.205, 1.002, 0.095)

57033691 Setpoint: (0.219, 1.087, 0.108); Drone position: (0.201, 0.935, 0.093)

57033780 Setpoint: (0.219, 1.087, 0.108); Drone position: (0.199, 0.896, 0.093)

57033890 Setpoint: (0.219, 1.087, 0.108); Drone position: (0.196, 0.813, 0.092)

57033980 Setpoint: (0.219, 1.087, 0.108); Drone position: (0.194, 0.767, 0.092)

57034097 Setpoint: (0.219, 1.087, 0.108); Drone position: (0.191, 0.700, 0.092)

57034190 Setpoint: (0.219, 1.087, 0.108); Drone position: (0.188, 0.607, 0.091)

57034293 Setpoint: (0.219, 1.087, 0.108); Drone position: (0.186, 0.532, 0.090)

57034382 Setpoint: (0.219, 1.087, 0.108); Drone position: (0.185, 0.481, 0.089)

57034495 Setpoint: (0.219, 1.087, 0.108); Drone position: (0.184, 0.379, 0.088)

57034583 Setpoint: (0.219, 1.087, 0.108); Drone position: (0.183, 0.326, 0.088)

57034696 Setpoint: (0.219, 1.087, 0.108); Drone position: (0.182, 0.223, 0.087)

57034785 Setpoint: (0.219, 1.087, 0.108); Drone position: (0.182, 0.171, 0.086)

57034874 Setpoint: (0.219, 1.087, 0.108); Drone position: (0.181, 0.093, 0.086)

57034995 Setpoint: (0.219, 1.087, 0.108); Drone position: (0.181, -0.008, 0.086)

57035092 Setpoint: (0.219, 1.087, 0.108); Drone position: (0.182, -0.083, 0.087)

57035195 Setpoint: (0.219, 1.087, 0.108); Drone position: (0.182, -0.136, 0.087)

57035296 Setpoint: (0.219, 1.087, 0.108); Drone position: (0.183, -0.171, 0.088)

57035396 Setpoint: (0.219, 1.087, 0.108); Drone position: (0.183, -0.194, 0.088)

57035463 Setpoint: (0.219, 1.087, 0.108); Drone position: (0.184, -0.203, 0.088)

57035564 Setpoint: (0.219, 1.087, 0.108); Drone position: (0.184, -0.216, 0.089)

57035664 Setpoint: (0.219, 1.087, 0.108); Drone position: (0.184, -0.225, 0.089)

57035767 Setpoint: (0.219, 1.087, 0.108); Drone position: (0.185, -0.229, 0.090)

57035866 Setpoint: (0.219, 1.087, 0.108); Drone position: (0.186, -0.230, 0.090)

57035979 Setpoint: (0.219, 1.087, 0.108); Drone position: (0.186, -0.225, 0.090)

57036092 Setpoint: (0.219, 1.087, 0.108); Drone position: (0.186, -0.217, 0.090)

57036180 Setpoint: (0.219, 1.087, 0.108); Drone position: (0.186, -0.210, 0.090)

57036292 Setpoint: (0.219, 1.087, 0.108); Drone position: (0.186, -0.198, 0.089)

57036381 Setpoint: (0.219, 1.087, 0.108); Drone position: (0.185, -0.189, 0.088)

57036493 Setpoint: (0.219, 1.087, 0.108); Drone position: (0.185, -0.175, 0.087)

57036582 Setpoint: (0.219, 1.087, 0.108); Drone position: (0.185, -0.166, 0.087)

57036694 Setpoint: (0.219, 1.087, 0.108); Drone position: (0.185, -0.153, 0.086)

57036782 Setpoint: (0.219, 1.087, 0.108); Drone position: (0.184, -0.145, 0.085)

57036895 Setpoint: (0.219, 1.087, 0.108); Drone position: (0.183, -0.132, 0.084)

57036985 Setpoint: (0.219, 1.087, 0.108); Drone position: (0.182, -0.125, 0.083)

57037096 Setpoint: (0.219, 1.087, 0.108); Drone position: (0.181, -0.113, 0.082)

57037187 Setpoint: (0.219, 1.087, 0.108); Drone position: (0.180, -0.107, 0.081)

57037275 Setpoint: (0.219, 1.087, 0.108); Drone position: (0.179, -0.098, 0.080)

57037387 Setpoint: (0.219, 1.087, 0.108); Drone position: (0.177, -0.088, 0.079)

57037479 Setpoint: (0.219, 1.087, 0.108); Drone position: (0.177, -0.083, 0.079)

57037589 Setpoint: (0.219, 1.087, 0.108); Drone position: (0.175, -0.074, 0.079)

57037678 Setpoint: (0.219, 1.087, 0.108); Drone position: (0.175, -0.069, 0.078)

57037788 Setpoint: (0.219, 1.087, 0.108); Drone position: (0.174, -0.062, 0.078)

57037879 Setpoint: (0.219, 1.087, 0.108); Drone position: (0.173, -0.058, 0.078)

57037990 Setpoint: (0.219, 1.087, 0.108); Drone position: (0.172, -0.051, 0.078)

57038080 Setpoint: (0.219, 1.087, 0.108); Drone position: (0.171, -0.048, 0.078)

57038191 Setpoint: (0.219, 1.087, 0.108); Drone position: (0.169, -0.042, 0.078)

57038260 Setpoint: (0.219, 1.087, 0.108); Drone position: (0.169, -0.039, 0.078)

