Unity data 
0 
0 
0 
0 
0 
0 
0 
0 
0 
0 
0 
0 
0 
0 
0 
0 
0 
0 
0 
0 
0 
0 
0 
0 
0 
0 
0 
0 
0 
0 
0 
0 
0 
0 
0 
0 
0 
0 
0 
0 
0 
0 
0 
0 
0 
0 
0 
0 
0 
0 
0 
0 
0 
0 
0 
0 
0 
0 
0 
0 
0 
0 
0 
0 
0 
0 
0 
0 
0 
0 
0 
0 
0 
0 
0 
0 
0 
0 
0 
0 
0 
0 
0 
0 
0 
0 
0 
0 
0 
0 
0 
0 
0 
0 
0 
0 
0 
0 
0 
0 
0 
0 
0 
0 
0 
0 
0 
0 
0 
0 
0 
0 
0 
0 
0 
0 
0 
0 
0 
0 
0 
0 
0 
0 
0 
0 
0 
0 
0 
0 
0 
0 
0 
0 
0 
0 
0 
0 
0 
0 
0 
0 
0 
0 
0 
0 
0 
0 
0 
0 
0 
0 
0 
0 
0 
0 
0 
0 
0 
0 
0 
0 
0 
0 
0 
0 
0 
0 
0 
0 
0 
0 
0 
0 
0 
0 
0 
0 
0 
0 
0 
0 
0 
0 
0 
0 
0 
0 
0 
0 
0 
0 
0 
0 
0 
0 
0 
0 
0 
0 
0 
0 
0 
0 
0 
0 
0 
0 
0 
0 
0 
0 
0 
0 
0 
0 
0 
0 
0 
0 
0 
0 
0 
0 
0 
0 
0 
0 
0 
0 
0 
0 
0 
0 
0 
0 
0 
0 
0 
0 
0 
0 
0 
0 
0 
0 
0 
0 
0 
0 
0 
0 
0 
0 
0 
0 
0 
0 
0 
0 
0 
0 
0 
0 
0 
0 
0 
0 
0 
0 
0 
0 
0 
0 
0 
0 
0 
0 
0 
0 
0 
0 
0 
0 
64362764 Setpoint: (1.397, 1.493, 0.202); Drone position: (1.309, 1.570, 0.220)

64362858 Setpoint: (1.397, 1.493, 0.202); Drone position: (1.267, 1.601, 0.228)

64362957 Setpoint: (1.397, 1.493, 0.202); Drone position: (1.191, 1.633, 0.243)

64363044 Setpoint: (1.397, 1.493, 0.202); Drone position: (1.132, 1.633, 0.254)

64363144 Setpoint: (1.397, 1.493, 0.202); Drone position: (1.016, 1.590, 0.274)

64363251 Setpoint: (1.397, 1.493, 0.202); Drone position: (0.924, 1.530, 0.288)

64363343 Setpoint: (1.397, 1.493, 0.202); Drone position: (0.828, 1.456, 0.302)

64363444 Setpoint: (1.397, 1.493, 0.202); Drone position: (0.717, 1.364, 0.318)

64363555 Setpoint: (1.397, 1.493, 0.202); Drone position: (0.653, 1.312, 0.326)

64363655 Setpoint: (1.397, 1.493, 0.202); Drone position: (0.467, 1.165, 0.351)

64363757 Setpoint: (1.397, 1.493, 0.202); Drone position: (0.401, 1.115, 0.359)

64363871 Setpoint: (1.397, 1.493, 0.202); Drone position: (0.294, 1.038, 0.373)

64363970 Setpoint: (1.397, 1.493, 0.202); Drone position: (0.191, 0.968, 0.385)

64364051 Setpoint: (1.397, 1.493, 0.202); Drone position: (0.095, 0.906, 0.397)

64364161 Setpoint: (1.397, 1.493, 0.202); Drone position: (-0.020, 0.839, 0.409)

64364270 Setpoint: (1.397, 1.493, 0.202); Drone position: (-0.076, 0.810, 0.414)

64364359 Setpoint: (1.397, 1.493, 0.202); Drone position: (-0.175, 0.764, 0.420)

64364474 Setpoint: (1.397, 1.493, 0.202); Drone position: (-0.234, 0.743, 0.423)

64364549 Setpoint: (1.397, 1.493, 0.202); Drone position: (-0.266, 0.734, 0.423)

64364650 Setpoint: (1.397, 1.493, 0.202); Drone position: (-0.311, 0.726, 0.422)

64364760 Setpoint: (1.397, 1.493, 0.202); Drone position: (-0.360, 0.728, 0.416)

64364850 Setpoint: (1.397, 1.493, 0.202); Drone position: (-0.376, 0.732, 0.412)

64364954 Setpoint: (1.397, 1.493, 0.202); Drone position: (-0.397, 0.744, 0.404)

64365064 Setpoint: (1.397, 1.493, 0.202); Drone position: (-0.411, 0.758, 0.394)

64365163 Setpoint: (1.397, 1.493, 0.202); Drone position: (-0.420, 0.773, 0.384)

64365272 Setpoint: (1.397, 1.493, 0.202); Drone position: (-0.425, 0.793, 0.367)

64365369 Setpoint: (1.397, 1.493, 0.202); Drone position: (-0.425, 0.802, 0.360)

64365468 Setpoint: (1.397, 1.493, 0.202); Drone position: (-0.423, 0.814, 0.349)

64365574 Setpoint: (1.397, 1.493, 0.202); Drone position: (-0.416, 0.829, 0.333)

64365654 Setpoint: (1.397, 1.493, 0.202); Drone position: (-0.414, 0.832, 0.331)

64365765 Setpoint: (1.397, 1.493, 0.202); Drone position: (-0.408, 0.842, 0.320)

64365856 Setpoint: (1.397, 1.493, 0.202); Drone position: (-0.402, 0.847, 0.313)

64365959 Setpoint: (1.397, 1.493, 0.202); Drone position: (-0.398, 0.852, 0.309)

64366066 Setpoint: (1.397, 1.493, 0.202); Drone position: (-0.394, 0.855, 0.307)

64366167 Setpoint: (1.397, 1.493, 0.202); Drone position: (-0.392, 0.857, 0.307)

64366260 Setpoint: (1.397, 1.493, 0.202); Drone position: (-0.391, 0.858, 0.310)

64366360 Setpoint: (1.397, 1.493, 0.202); Drone position: (-0.392, 0.858, 0.316)

64366474 Setpoint: (1.397, 1.493, 0.202); Drone position: (-0.397, 0.857, 0.326)

64366571 Setpoint: (1.397, 1.493, 0.202); Drone position: (-0.400, 0.856, 0.332)

64366666 Setpoint: (1.397, 1.493, 0.202); Drone position: (-0.406, 0.856, 0.341)

64366760 Setpoint: (1.397, 1.493, 0.202); Drone position: (-0.414, 0.855, 0.353)

64366866 Setpoint: (1.397, 1.493, 0.202); Drone position: (-0.424, 0.853, 0.366)

64366962 Setpoint: (1.397, 1.493, 0.202); Drone position: (-0.439, 0.853, 0.387)

64367066 Setpoint: (1.397, 1.493, 0.202); Drone position: (-0.446, 0.853, 0.396)

64367133 Setpoint: (1.397, 1.493, 0.202); Drone position: (-0.456, 0.854, 0.406)

64367273 Setpoint: (1.397, 1.493, 0.202); Drone position: (-0.473, 0.855, 0.425)

64367367 Setpoint: (1.397, 1.493, 0.202); Drone position: (-0.493, 0.858, 0.444)

64367465 Setpoint: (1.397, 1.493, 0.202); Drone position: (-0.501, 0.860, 0.452)

64367577 Setpoint: (1.397, 1.493, 0.202); Drone position: (-0.515, 0.862, 0.463)

64367675 Setpoint: (1.397, 1.493, 0.202); Drone position: (-0.533, 0.866, 0.477)

64367773 Setpoint: (1.397, 1.493, 0.202); Drone position: (-0.546, 0.869, 0.485)

64367871 Setpoint: (1.397, 1.493, 0.202); Drone position: (-0.552, 0.871, 0.489)

64367971 Setpoint: (1.397, 1.493, 0.202); Drone position: (-0.563, 0.873, 0.495)

64368055 Setpoint: (1.397, 1.493, 0.202); Drone position: (-0.563, 0.873, 0.495)

64368171 Setpoint: (1.397, 1.493, 0.202); Drone position: (-0.575, 0.875, 0.499)

64368269 Setpoint: (1.397, 1.493, 0.202); Drone position: (-0.586, 0.877, 0.499)

64368366 Setpoint: (1.397, 1.493, 0.202); Drone position: (-0.592, 0.878, 0.497)

64368479 Setpoint: (1.397, 1.493, 0.202); Drone position: (-0.598, 0.878, 0.492)

64368571 Setpoint: (1.397, 1.493, 0.202); Drone position: (-0.600, 0.878, 0.487)

64368679 Setpoint: (1.397, 1.493, 0.202); Drone position: (-0.601, 0.879, 0.481)

64368773 Setpoint: (1.397, 1.493, 0.202); Drone position: (-0.601, 0.879, 0.477)

64368838 Setpoint: (1.397, 1.493, 0.202); Drone position: (-0.600, 0.880, 0.473)

64368957 Setpoint: (1.406, 1.494, 0.203); Drone position: (-0.598, 0.881, 0.464)

64369044 Setpoint: (1.414, 1.495, 0.203); Drone position: (-0.595, 0.882, 0.456)

64369159 Setpoint: (1.425, 1.495, 0.203); Drone position: (-0.591, 0.883, 0.449)

64369272 Setpoint: (1.435, 1.496, 0.203); Drone position: (-0.589, 0.883, 0.444)

64369368 Setpoint: (1.443, 1.497, 0.204); Drone position: (-0.585, 0.884, 0.439)

64369461 Setpoint: (1.453, 1.498, 0.204); Drone position: (-0.568, 0.889, 0.428)

64369563 Setpoint: (1.461, 1.498, 0.204); Drone position: (-0.519, 0.902, 0.415)

64369663 Setpoint: (1.470, 1.499, 0.204); Drone position: (-0.490, 0.907, 0.410)

64369780 Setpoint: (1.480, 1.500, 0.205); Drone position: (-0.434, 0.911, 0.401)

64369857 Setpoint: (1.488, 1.500, 0.205); Drone position: (-0.408, 0.912, 0.397)

64369946 Setpoint: (1.495, 1.501, 0.205); Drone position: (-0.302, 0.917, 0.384)

64370054 Setpoint: (1.502, 1.502, 0.205); Drone position: (-0.151, 0.932, 0.366)

64370152 Setpoint: (1.508, 1.502, 0.205); Drone position: (-0.036, 0.950, 0.353)

64370247 Setpoint: (1.510, 1.502, 0.205); Drone position: (0.104, 0.978, 0.337)

64370347 Setpoint: (1.510, 1.502, 0.205); Drone position: (0.252, 1.015, 0.319)

64370447 Setpoint: (1.510, 1.502, 0.205); Drone position: (0.408, 1.058, 0.298)

64370577 Setpoint: (1.510, 1.502, 0.205); Drone position: (0.611, 1.120, 0.270)

64370670 Setpoint: (1.510, 1.502, 0.205); Drone position: (0.770, 1.165, 0.246)

64370781 Setpoint: (1.510, 1.502, 0.205); Drone position: (0.939, 1.203, 0.220)

64370873 Setpoint: (1.510, 1.502, 0.205); Drone position: (1.020, 1.218, 0.207)

64370953 Setpoint: (1.510, 1.502, 0.205); Drone position: (1.085, 1.227, 0.196)

64371067 Setpoint: (1.510, 1.502, 0.205); Drone position: (1.176, 1.237, 0.179)

64371162 Setpoint: (1.510, 1.502, 0.205); Drone position: (1.244, 1.238, 0.166)

64371273 Setpoint: (1.510, 1.502, 0.205); Drone position: (1.298, 1.230, 0.155)

64371371 Setpoint: (1.510, 1.502, 0.205); Drone position: (1.310, 1.218, 0.153)

64371463 Setpoint: (1.510, 1.502, 0.205); Drone position: (1.298, 1.204, 0.157)

64371564 Setpoint: (1.510, 1.502, 0.205); Drone position: (1.284, 1.196, 0.162)

64371631 Setpoint: (1.510, 1.502, 0.205); Drone position: (1.252, 1.188, 0.176)

64371768 Setpoint: (1.510, 1.502, 0.205); Drone position: (1.196, 1.178, 0.201)

64371877 Setpoint: (1.510, 1.502, 0.205); Drone position: (1.150, 1.172, 0.225)

64371959 Setpoint: (1.510, 1.502, 0.205); Drone position: (1.119, 1.167, 0.242)

64372065 Setpoint: (1.510, 1.502, 0.205); Drone position: (1.119, 1.167, 0.242)

64372173 Setpoint: (1.510, 1.502, 0.205); Drone position: (1.067, 1.164, 0.275)

64372270 Setpoint: (1.510, 1.502, 0.205); Drone position: (1.046, 1.164, 0.291)

64372372 Setpoint: (1.510, 1.502, 0.205); Drone position: (1.012, 1.174, 0.326)

64372470 Setpoint: (1.510, 1.502, 0.205); Drone position: (1.003, 1.182, 0.339)

64372575 Setpoint: (1.510, 1.502, 0.205); Drone position: (0.996, 1.197, 0.359)

64372681 Setpoint: (1.510, 1.502, 0.205); Drone position: (0.992, 1.225, 0.392)

64372757 Setpoint: (1.510, 1.502, 0.205); Drone position: (0.998, 1.238, 0.403)

64372876 Setpoint: (1.510, 1.502, 0.205); Drone position: (1.007, 1.247, 0.410)

64372962 Setpoint: (1.510, 1.502, 0.205); Drone position: (1.020, 1.255, 0.412)

64373062 Setpoint: (1.510, 1.502, 0.205); Drone position: (1.034, 1.259, 0.410)

64373162 Setpoint: (1.510, 1.502, 0.205); Drone position: (1.048, 1.261, 0.403)

64373275 Setpoint: (1.510, 1.502, 0.205); Drone position: (1.066, 1.262, 0.389)

64373368 Setpoint: (1.510, 1.502, 0.205); Drone position: (1.077, 1.262, 0.375)

64373454 Setpoint: (1.510, 1.502, 0.205); Drone position: (1.083, 1.262, 0.366)

64373571 Setpoint: (1.510, 1.502, 0.205); Drone position: (1.090, 1.261, 0.350)

64373674 Setpoint: (1.510, 1.502, 0.205); Drone position: (1.095, 1.260, 0.335)

64373784 Setpoint: (1.510, 1.502, 0.205); Drone position: (1.100, 1.259, 0.313)

64373871 Setpoint: (1.510, 1.502, 0.205); Drone position: (1.100, 1.259, 0.305)

64373964 Setpoint: (1.510, 1.502, 0.205); Drone position: (1.101, 1.258, 0.291)

64374057 Setpoint: (1.510, 1.502, 0.205); Drone position: (1.101, 1.258, 0.283)

64374181 Setpoint: (1.510, 1.502, 0.205); Drone position: (1.098, 1.259, 0.265)

64374267 Setpoint: (1.510, 1.502, 0.205); Drone position: (1.098, 1.259, 0.265)

64374376 Setpoint: (1.510, 1.502, 0.205); Drone position: (1.095, 1.262, 0.254)

64374475 Setpoint: (1.510, 1.502, 0.205); Drone position: (1.093, 1.263, 0.251)

64374581 Setpoint: (1.510, 1.502, 0.205); Drone position: (1.087, 1.265, 0.248)

64374671 Setpoint: (1.510, 1.502, 0.205); Drone position: (1.086, 1.266, 0.248)

64374770 Setpoint: (1.510, 1.502, 0.205); Drone position: (1.081, 1.266, 0.250)

64374870 Setpoint: (1.510, 1.502, 0.205); Drone position: (1.077, 1.264, 0.254)

64374966 Setpoint: (1.510, 1.502, 0.205); Drone position: (1.074, 1.262, 0.257)

64375054 Setpoint: (1.510, 1.502, 0.205); Drone position: (1.070, 1.257, 0.265)

64375178 Setpoint: (1.510, 1.502, 0.205); Drone position: (1.068, 1.255, 0.271)

64375254 Setpoint: (1.510, 1.502, 0.205); Drone position: (1.065, 1.251, 0.282)

64375359 Setpoint: (1.510, 1.502, 0.205); Drone position: (1.065, 1.251, 0.282)

64375470 Setpoint: (1.510, 1.502, 0.205); Drone position: (1.064, 1.242, 0.296)

64375563 Setpoint: (1.510, 1.502, 0.205); Drone position: (1.064, 1.235, 0.308)

64375631 Setpoint: (1.510, 1.502, 0.205); Drone position: (1.064, 1.231, 0.314)

64375775 Setpoint: (1.510, 1.502, 0.205); Drone position: (1.065, 1.228, 0.321)

64375864 Setpoint: (1.510, 1.502, 0.205); Drone position: (1.065, 1.222, 0.333)

64375972 Setpoint: (1.510, 1.502, 0.205); Drone position: (1.067, 1.216, 0.344)

64376074 Setpoint: (1.510, 1.502, 0.205); Drone position: (1.067, 1.214, 0.349)

64376166 Setpoint: (1.510, 1.502, 0.205); Drone position: (1.067, 1.210, 0.355)

64376256 Setpoint: (1.510, 1.502, 0.205); Drone position: (1.066, 1.209, 0.356)

64376355 Setpoint: (1.510, 1.502, 0.205); Drone position: (1.065, 1.207, 0.360)

64376465 Setpoint: (1.510, 1.502, 0.205); Drone position: (1.064, 1.206, 0.362)

64376586 Setpoint: (1.510, 1.502, 0.205); Drone position: (1.061, 1.205, 0.362)

64376668 Setpoint: (1.510, 1.502, 0.205); Drone position: (1.061, 1.205, 0.362)

64376784 Setpoint: (1.510, 1.502, 0.205); Drone position: (1.061, 1.205, 0.362)

64376881 Setpoint: (1.510, 1.502, 0.205); Drone position: (1.058, 1.204, 0.359)

64376972 Setpoint: (1.510, 1.502, 0.205); Drone position: (1.057, 1.204, 0.358)

64377073 Setpoint: (1.510, 1.502, 0.205); Drone position: (1.053, 1.204, 0.355)

64377160 Setpoint: (1.510, 1.502, 0.205); Drone position: (1.046, 1.205, 0.350)

64377267 Setpoint: (1.510, 1.502, 0.205); Drone position: (1.033, 1.224, 0.336)

64377363 Setpoint: (1.510, 1.502, 0.205); Drone position: (1.027, 1.223, 0.331)

64377471 Setpoint: (1.510, 1.502, 0.205); Drone position: (1.013, 1.223, 0.321)

64377577 Setpoint: (1.510, 1.502, 0.205); Drone position: (0.991, 1.213, 0.311)

64377663 Setpoint: (1.510, 1.502, 0.205); Drone position: (0.945, 1.183, 0.298)

64377766 Setpoint: (1.510, 1.502, 0.205); Drone position: (0.925, 1.171, 0.294)

64377865 Setpoint: (1.510, 1.502, 0.205); Drone position: (0.906, 1.161, 0.291)

64377962 Setpoint: (1.510, 1.502, 0.205); Drone position: (0.889, 1.152, 0.289)

64378059 Setpoint: (1.510, 1.502, 0.205); Drone position: (0.859, 1.139, 0.285)

64378176 Setpoint: (1.510, 1.502, 0.205); Drone position: (0.847, 1.134, 0.284)

64378273 Setpoint: (1.510, 1.502, 0.205); Drone position: (0.807, 1.120, 0.283)

64378368 Setpoint: (1.510, 1.502, 0.205); Drone position: (0.776, 1.111, 0.284)

64378462 Setpoint: (1.510, 1.502, 0.205); Drone position: (0.747, 1.103, 0.286)

64378565 Setpoint: (1.510, 1.502, 0.205); Drone position: (0.711, 1.095, 0.291)

64378665 Setpoint: (1.510, 1.502, 0.205); Drone position: (0.677, 1.088, 0.299)

64378757 Setpoint: (1.510, 1.502, 0.205); Drone position: (0.647, 1.083, 0.309)

64378891 Setpoint: (1.510, 1.502, 0.205); Drone position: (0.623, 1.082, 0.322)

64378965 Setpoint: (1.510, 1.502, 0.205); Drone position: (0.618, 1.083, 0.326)

64379070 Setpoint: (1.510, 1.502, 0.205); Drone position: (0.614, 1.085, 0.332)

64379167 Setpoint: (1.510, 1.502, 0.205); Drone position: (0.615, 1.088, 0.334)

64379271 Setpoint: (1.510, 1.502, 0.205); Drone position: (0.625, 1.094, 0.339)

64379353 Setpoint: (1.510, 1.502, 0.205); Drone position: (0.625, 1.094, 0.339)

64379488 Setpoint: (1.510, 1.502, 0.205); Drone position: (0.644, 1.100, 0.342)

64379557 Setpoint: (1.510, 1.502, 0.205); Drone position: (0.660, 1.104, 0.343)

64379635 Setpoint: (1.510, 1.502, 0.205); Drone position: (0.673, 1.109, 0.344)

64379759 Setpoint: (1.510, 1.502, 0.205); Drone position: (0.700, 1.117, 0.346)

64379843 Setpoint: (1.510, 1.502, 0.205); Drone position: (0.722, 1.125, 0.347)

64379951 Setpoint: (1.510, 1.502, 0.205); Drone position: (0.746, 1.134, 0.349)

64380043 Setpoint: (1.510, 1.502, 0.205); Drone position: (0.763, 1.142, 0.351)

64380145 Setpoint: (1.510, 1.502, 0.205); Drone position: (0.787, 1.153, 0.352)

64380243 Setpoint: (1.510, 1.502, 0.205); Drone position: (0.812, 1.165, 0.354)

64380351 Setpoint: (1.510, 1.502, 0.205); Drone position: (0.836, 1.176, 0.356)

64380445 Setpoint: (1.510, 1.502, 0.205); Drone position: (0.865, 1.189, 0.359)

64380568 Setpoint: (1.510, 1.502, 0.205); Drone position: (0.879, 1.196, 0.361)

64380661 Setpoint: (1.510, 1.500, 0.205); Drone position: (0.910, 1.213, 0.365)

64380757 Setpoint: (1.511, 1.495, 0.205); Drone position: (0.922, 1.221, 0.366)

64380857 Setpoint: (1.505, 1.488, 0.205); Drone position: (0.930, 1.226, 0.366)

64380969 Setpoint: (1.499, 1.480, 0.205); Drone position: (0.930, 1.226, 0.366)

64381066 Setpoint: (1.492, 1.474, 0.205); Drone position: (0.952, 1.241, 0.365)

64381166 Setpoint: (1.485, 1.466, 0.205); Drone position: (0.966, 1.251, 0.365)

64381261 Setpoint: (1.479, 1.460, 0.205); Drone position: (0.982, 1.264, 0.364)

64381350 Setpoint: (1.472, 1.452, 0.204); Drone position: (0.998, 1.277, 0.363)

64381460 Setpoint: (1.464, 1.444, 0.204); Drone position: (1.036, 1.309, 0.359)

64381568 Setpoint: (1.454, 1.435, 0.204); Drone position: (1.062, 1.329, 0.355)

64381650 Setpoint: (1.447, 1.429, 0.204); Drone position: (1.090, 1.348, 0.350)

64381760 Setpoint: (1.438, 1.421, 0.204); Drone position: (1.135, 1.373, 0.341)

64381869 Setpoint: (1.428, 1.412, 0.203); Drone position: (1.155, 1.382, 0.337)

64381979 Setpoint: (1.419, 1.405, 0.203); Drone position: (1.190, 1.396, 0.329)

64382057 Setpoint: (1.412, 1.399, 0.203); Drone position: (1.226, 1.408, 0.321)

64382157 Setpoint: (1.403, 1.392, 0.203); Drone position: (1.261, 1.420, 0.311)

64382272 Setpoint: (1.392, 1.383, 0.202); Drone position: (1.306, 1.431, 0.299)

64382367 Setpoint: (1.383, 1.376, 0.202); Drone position: (1.330, 1.434, 0.292)

64382457 Setpoint: (1.375, 1.369, 0.202); Drone position: (1.377, 1.436, 0.277)

64382559 Setpoint: (1.365, 1.362, 0.202); Drone position: (1.400, 1.436, 0.269)

64382657 Setpoint: (1.356, 1.355, 0.201); Drone position: (1.440, 1.434, 0.253)

64382770 Setpoint: (1.347, 1.348, 0.201); Drone position: (1.496, 1.419, 0.226)

64382860 Setpoint: (1.337, 1.341, 0.201); Drone position: (1.511, 1.414, 0.217)

64382959 Setpoint: (1.329, 1.334, 0.201); Drone position: (1.537, 1.398, 0.200)

64383061 Setpoint: (1.317, 1.327, 0.200); Drone position: (1.551, 1.387, 0.191)

64383168 Setpoint: (1.308, 1.320, 0.200); Drone position: (1.560, 1.377, 0.184)

64383266 Setpoint: (1.297, 1.320, 0.200); Drone position: (1.565, 1.369, 0.180)

64383362 Setpoint: (1.287, 1.319, 0.199); Drone position: (1.568, 1.361, 0.178)

64383472 Setpoint: (1.276, 1.318, 0.199); Drone position: (1.568, 1.349, 0.178)

64383554 Setpoint: (1.267, 1.317, 0.199); Drone position: (1.568, 1.347, 0.178)

64383663 Setpoint: (1.256, 1.316, 0.199); Drone position: (1.564, 1.338, 0.183)

64383765 Setpoint: (1.245, 1.315, 0.198); Drone position: (1.558, 1.330, 0.191)

64383870 Setpoint: (1.235, 1.313, 0.198); Drone position: (1.550, 1.325, 0.202)

64383973 Setpoint: (1.224, 1.306, 0.198); Drone position: (1.546, 1.324, 0.207)

64384049 Setpoint: (1.218, 1.302, 0.198); Drone position: (1.538, 1.323, 0.218)

64384150 Setpoint: (1.208, 1.295, 0.197); Drone position: (1.530, 1.323, 0.230)

64384242 Setpoint: (1.198, 1.288, 0.197); Drone position: (1.521, 1.323, 0.242)

64384350 Setpoint: (1.188, 1.282, 0.197); Drone position: (1.511, 1.321, 0.253)

64384454 Setpoint: (1.178, 1.275, 0.196); Drone position: (1.501, 1.319, 0.264)

64384544 Setpoint: (1.168, 1.268, 0.196); Drone position: (1.494, 1.316, 0.269)

64384666 Setpoint: (1.157, 1.261, 0.196); Drone position: (1.485, 1.313, 0.275)

64384760 Setpoint: (1.147, 1.254, 0.196); Drone position: (1.463, 1.303, 0.284)

64384860 Setpoint: (1.138, 1.248, 0.195); Drone position: (1.459, 1.302, 0.286)

64384972 Setpoint: (1.126, 1.239, 0.195); Drone position: (1.444, 1.297, 0.288)

64385082 Setpoint: (1.116, 1.232, 0.195); Drone position: (1.433, 1.294, 0.289)

64385173 Setpoint: (1.106, 1.225, 0.195); Drone position: (1.412, 1.289, 0.289)

64385262 Setpoint: (1.099, 1.219, 0.194); Drone position: (1.389, 1.284, 0.286)

64385368 Setpoint: (1.087, 1.211, 0.194); Drone position: (1.357, 1.276, 0.281)

64385448 Setpoint: (1.079, 1.205, 0.194); Drone position: (1.357, 1.276, 0.281)

64385559 Setpoint: (1.069, 1.198, 0.194); Drone position: (1.325, 1.270, 0.274)

64385661 Setpoint: (1.059, 1.191, 0.193); Drone position: (1.306, 1.267, 0.270)

64385749 Setpoint: (1.050, 1.184, 0.193); Drone position: (1.294, 1.265, 0.268)

64385862 Setpoint: (1.040, 1.177, 0.193); Drone position: (1.266, 1.259, 0.261)

64385973 Setpoint: (1.030, 1.170, 0.192); Drone position: (1.254, 1.256, 0.258)

64386068 Setpoint: (1.018, 1.161, 0.192); Drone position: (1.226, 1.249, 0.252)

64386180 Setpoint: (1.008, 1.154, 0.192); Drone position: (1.207, 1.242, 0.247)

64386256 Setpoint: (1.001, 1.149, 0.192); Drone position: (1.188, 1.236, 0.243)

64386371 Setpoint: (0.988, 1.139, 0.191); Drone position: (1.176, 1.231, 0.240)

64386462 Setpoint: (0.980, 1.133, 0.191); Drone position: (1.147, 1.219, 0.231)

64386560 Setpoint: (0.971, 1.126, 0.191); Drone position: (1.136, 1.215, 0.227)

64386672 Setpoint: (0.960, 1.117, 0.192); Drone position: (1.117, 1.209, 0.220)

64386768 Setpoint: (0.949, 1.110, 0.199); Drone position: (1.103, 1.206, 0.214)

64386865 Setpoint: (0.940, 1.103, 0.205); Drone position: (1.089, 1.201, 0.208)

64386969 Setpoint: (0.930, 1.096, 0.212); Drone position: (1.080, 1.198, 0.203)

64387060 Setpoint: (0.920, 1.089, 0.220); Drone position: (1.066, 1.195, 0.197)

64387158 Setpoint: (0.911, 1.082, 0.227); Drone position: (1.058, 1.194, 0.193)

64387258 Setpoint: (0.901, 1.075, 0.235); Drone position: (1.041, 1.193, 0.185)

64387358 Setpoint: (0.892, 1.068, 0.243); Drone position: (1.025, 1.194, 0.177)

64387456 Setpoint: (0.882, 1.062, 0.251); Drone position: (1.022, 1.195, 0.175)

64387562 Setpoint: (0.871, 1.055, 0.260); Drone position: (1.000, 1.198, 0.167)

64387655 Setpoint: (0.862, 1.048, 0.268); Drone position: (0.992, 1.198, 0.164)

64387760 Setpoint: (0.851, 1.044, 0.278); Drone position: (0.978, 1.196, 0.161)

64387868 Setpoint: (0.841, 1.043, 0.287); Drone position: (0.961, 1.192, 0.158)

64387967 Setpoint: (0.830, 1.043, 0.296); Drone position: (0.954, 1.189, 0.157)

64388047 Setpoint: (0.822, 1.042, 0.303); Drone position: (0.947, 1.186, 0.157)

64388151 Setpoint: (0.812, 1.041, 0.312); Drone position: (0.929, 1.175, 0.159)

64388262 Setpoint: (0.802, 1.040, 0.321); Drone position: (0.922, 1.169, 0.161)

64388357 Setpoint: (0.791, 1.040, 0.331); Drone position: (0.913, 1.159, 0.165)

64388443 Setpoint: (0.782, 1.039, 0.339); Drone position: (0.904, 1.147, 0.170)

64388560 Setpoint: (0.771, 1.038, 0.349); Drone position: (0.896, 1.135, 0.177)

64388651 Setpoint: (0.761, 1.035, 0.358); Drone position: (0.889, 1.123, 0.185)

64388766 Setpoint: (0.750, 1.028, 0.368); Drone position: (0.880, 1.106, 0.198)

64388861 Setpoint: (0.740, 1.024, 0.377); Drone position: (0.873, 1.094, 0.208)

64388976 Setpoint: (0.730, 1.023, 0.387); Drone position: (0.866, 1.083, 0.220)

64389076 Setpoint: (0.719, 1.022, 0.395); Drone position: (0.859, 1.073, 0.232)

64389168 Setpoint: (0.709, 1.022, 0.404); Drone position: (0.854, 1.068, 0.242)

64389257 Setpoint: (0.700, 1.021, 0.412); Drone position: (0.850, 1.063, 0.250)

64389366 Setpoint: (0.690, 1.020, 0.420); Drone position: (0.843, 1.054, 0.266)

64389483 Setpoint: (0.677, 1.019, 0.429); Drone position: (0.832, 1.041, 0.289)

64389573 Setpoint: (0.667, 1.018, 0.437); Drone position: (0.828, 1.036, 0.298)

64389651 Setpoint: (0.660, 1.018, 0.443); Drone position: (0.820, 1.026, 0.314)

64389744 Setpoint: (0.649, 1.017, 0.451); Drone position: (0.816, 1.021, 0.323)

64389881 Setpoint: (0.636, 1.016, 0.462); Drone position: (0.802, 1.008, 0.348)

64389954 Setpoint: (0.629, 1.015, 0.467); Drone position: (0.796, 1.005, 0.357)

64390069 Setpoint: (0.615, 1.014, 0.477); Drone position: (0.786, 1.002, 0.371)

64390164 Setpoint: (0.605, 1.014, 0.485); Drone position: (0.776, 1.000, 0.384)

64390273 Setpoint: (0.595, 1.013, 0.493); Drone position: (0.763, 0.999, 0.399)

64390372 Setpoint: (0.585, 1.012, 0.501); Drone position: (0.750, 0.999, 0.411)

64390470 Setpoint: (0.574, 1.011, 0.509); Drone position: (0.743, 0.999, 0.416)

64390570 Setpoint: (0.563, 1.010, 0.517); Drone position: (0.727, 0.999, 0.427)

64390657 Setpoint: (0.557, 1.010, 0.521); Drone position: (0.717, 1.000, 0.431)

64390755 Setpoint: (0.544, 1.009, 0.531); Drone position: (0.694, 1.002, 0.441)

64390854 Setpoint: (0.534, 1.008, 0.539); Drone position: (0.675, 1.003, 0.446)

64390959 Setpoint: (0.523, 1.007, 0.546); Drone position: (0.654, 1.005, 0.450)

64391058 Setpoint: (0.512, 1.007, 0.554); Drone position: (0.627, 1.007, 0.454)

64391164 Setpoint: (0.502, 1.006, 0.561); Drone position: (0.603, 1.008, 0.457)

64391256 Setpoint: (0.492, 1.005, 0.568); Drone position: (0.590, 1.009, 0.458)

64391368 Setpoint: (0.481, 1.004, 0.575); Drone position: (0.567, 1.009, 0.460)

64391458 Setpoint: (0.471, 1.003, 0.581); Drone position: (0.554, 1.009, 0.461)

64391561 Setpoint: (0.464, 1.003, 0.585); Drone position: (0.554, 1.009, 0.461)

64391663 Setpoint: (0.451, 1.002, 0.591); Drone position: (0.504, 1.007, 0.464)

64391764 Setpoint: (0.439, 1.001, 0.591); Drone position: (0.485, 1.006, 0.467)

64391870 Setpoint: (0.430, 1.000, 0.590); Drone position: (0.464, 1.004, 0.470)

64391959 Setpoint: (0.420, 0.999, 0.590); Drone position: (0.464, 1.004, 0.470)

64392071 Setpoint: (0.408, 0.998, 0.590); Drone position: (0.443, 1.000, 0.476)

64392172 Setpoint: (0.398, 0.998, 0.590); Drone position: (0.431, 0.997, 0.481)

64392264 Setpoint: (0.389, 0.997, 0.589); Drone position: (0.419, 0.993, 0.489)

64392370 Setpoint: (0.378, 0.996, 0.589); Drone position: (0.413, 0.990, 0.496)

64392464 Setpoint: (0.369, 0.995, 0.589); Drone position: (0.409, 0.988, 0.501)

64392576 Setpoint: (0.359, 0.995, 0.586); Drone position: (0.404, 0.985, 0.512)

64392664 Setpoint: (0.350, 0.992, 0.580); Drone position: (0.402, 0.984, 0.522)

64392764 Setpoint: (0.340, 0.985, 0.573); Drone position: (0.400, 0.983, 0.531)

64392865 Setpoint: (0.331, 0.979, 0.566); Drone position: (0.400, 0.984, 0.540)

64392954 Setpoint: (0.323, 0.973, 0.559); Drone position: (0.399, 0.986, 0.546)

64393065 Setpoint: (0.314, 0.966, 0.551); Drone position: (0.399, 0.988, 0.553)

64393170 Setpoint: (0.304, 0.958, 0.542); Drone position: (0.400, 0.991, 0.564)

64393253 Setpoint: (0.297, 0.954, 0.537); Drone position: (0.401, 0.992, 0.569)

64393353 Setpoint: (0.287, 0.946, 0.528); Drone position: (0.403, 0.994, 0.574)

64393480 Setpoint: (0.276, 0.939, 0.518); Drone position: (0.404, 0.994, 0.577)

64393582 Setpoint: (0.267, 0.932, 0.510); Drone position: (0.407, 0.993, 0.578)

64393665 Setpoint: (0.260, 0.926, 0.503); Drone position: (0.408, 0.992, 0.578)

64393749 Setpoint: (0.251, 0.920, 0.495); Drone position: (0.410, 0.991, 0.576)

64393848 Setpoint: (0.242, 0.914, 0.487); Drone position: (0.410, 0.989, 0.573)

64393962 Setpoint: (0.232, 0.906, 0.477); Drone position: (0.411, 0.985, 0.563)

64394069 Setpoint: (0.223, 0.900, 0.469); Drone position: (0.410, 0.979, 0.550)

64394149 Setpoint: (0.215, 0.894, 0.462); Drone position: (0.408, 0.976, 0.542)

64394262 Setpoint: (0.206, 0.887, 0.453); Drone position: (0.405, 0.970, 0.528)

64394368 Setpoint: (0.195, 0.879, 0.444); Drone position: (0.399, 0.962, 0.507)

64394468 Setpoint: (0.186, 0.873, 0.436); Drone position: (0.394, 0.957, 0.495)

64394566 Setpoint: (0.177, 0.866, 0.428); Drone position: (0.386, 0.951, 0.477)

64394655 Setpoint: (0.170, 0.860, 0.422); Drone position: (0.377, 0.945, 0.458)

64394768 Setpoint: (0.159, 0.851, 0.412); Drone position: (0.362, 0.934, 0.433)

64394870 Setpoint: (0.151, 0.845, 0.405); Drone position: (0.354, 0.928, 0.421)

64394967 Setpoint: (0.141, 0.837, 0.398); Drone position: (0.342, 0.919, 0.404)

64395070 Setpoint: (0.131, 0.831, 0.391); Drone position: (0.325, 0.907, 0.384)

64395167 Setpoint: (0.122, 0.824, 0.384); Drone position: (0.311, 0.897, 0.372)

64395269 Setpoint: (0.112, 0.819, 0.378); Drone position: (0.302, 0.890, 0.364)

64395380 Setpoint: (0.102, 0.819, 0.371); Drone position: (0.289, 0.879, 0.355)

64395474 Setpoint: (0.092, 0.818, 0.364); Drone position: (0.272, 0.868, 0.348)

64395576 Setpoint: (0.083, 0.817, 0.358); Drone position: (0.260, 0.861, 0.344)

64395668 Setpoint: (0.073, 0.816, 0.351); Drone position: (0.248, 0.855, 0.342)

64395761 Setpoint: (0.064, 0.815, 0.345); Drone position: (0.241, 0.852, 0.342)

64395857 Setpoint: (0.054, 0.815, 0.339); Drone position: (0.228, 0.849, 0.344)

64395961 Setpoint: (0.045, 0.814, 0.334); Drone position: (0.222, 0.848, 0.346)

64396072 Setpoint: (0.033, 0.813, 0.326); Drone position: (0.209, 0.848, 0.351)

64396174 Setpoint: (0.024, 0.812, 0.320); Drone position: (0.200, 0.850, 0.357)

64396251 Setpoint: (0.015, 0.812, 0.315); Drone position: (0.195, 0.851, 0.360)

64396370 Setpoint: (0.004, 0.811, 0.308); Drone position: (0.183, 0.855, 0.370)

64396466 Setpoint: (-0.005, 0.810, 0.302); Drone position: (0.176, 0.857, 0.376)

64396566 Setpoint: (-0.016, 0.809, 0.295); Drone position: (0.171, 0.858, 0.380)

64396653 Setpoint: (-0.025, 0.808, 0.289); Drone position: (0.164, 0.859, 0.384)

64396763 Setpoint: (-0.035, 0.807, 0.283); Drone position: (0.156, 0.860, 0.388)

64396854 Setpoint: (-0.045, 0.807, 0.276); Drone position: (0.148, 0.860, 0.391)

64396965 Setpoint: (-0.055, 0.806, 0.270); Drone position: (0.139, 0.860, 0.391)

64397073 Setpoint: (-0.066, 0.805, 0.263); Drone position: (0.127, 0.859, 0.390)

64397173 Setpoint: (-0.076, 0.804, 0.257); Drone position: (0.124, 0.858, 0.390)

64397252 Setpoint: (-0.085, 0.803, 0.256); Drone position: (0.110, 0.856, 0.385)

64397381 Setpoint: (-0.097, 0.802, 0.256); Drone position: (0.092, 0.852, 0.378)

64397466 Setpoint: (-0.107, 0.802, 0.256); Drone position: (0.083, 0.849, 0.373)

64397559 Setpoint: (-0.115, 0.801, 0.256); Drone position: (0.068, 0.844, 0.366)

64397660 Setpoint: (-0.125, 0.800, 0.255); Drone position: (0.058, 0.841, 0.361)

64397755 Setpoint: (-0.135, 0.799, 0.255); Drone position: (0.044, 0.835, 0.354)

64397848 Setpoint: (-0.145, 0.799, 0.255); Drone position: (0.024, 0.828, 0.343)

64397957 Setpoint: (-0.156, 0.798, 0.255); Drone position: (0.008, 0.823, 0.335)

64398060 Setpoint: (-0.166, 0.797, 0.254); Drone position: (-0.007, 0.819, 0.328)

64398149 Setpoint: (-0.176, 0.796, 0.254); Drone position: (-0.021, 0.815, 0.322)

64398266 Setpoint: (-0.187, 0.795, 0.254); Drone position: (-0.039, 0.812, 0.315)

64398361 Setpoint: (-0.196, 0.795, 0.253); Drone position: (-0.049, 0.811, 0.311)

64398453 Setpoint: (-0.205, 0.794, 0.253); Drone position: (-0.061, 0.811, 0.308)

64398555 Setpoint: (-0.217, 0.793, 0.258); Drone position: (-0.072, 0.811, 0.305)

64398661 Setpoint: (-0.227, 0.792, 0.263); Drone position: (-0.081, 0.812, 0.303)

64398755 Setpoint: (-0.237, 0.791, 0.269); Drone position: (-0.089, 0.813, 0.301)

64398861 Setpoint: (-0.246, 0.791, 0.274); Drone position: (-0.102, 0.814, 0.299)

64398967 Setpoint: (-0.258, 0.790, 0.281); Drone position: (-0.111, 0.815, 0.299)

64399049 Setpoint: (-0.266, 0.789, 0.286); Drone position: (-0.120, 0.816, 0.299)

64399160 Setpoint: (-0.277, 0.788, 0.293); Drone position: (-0.129, 0.817, 0.300)

64399257 Setpoint: (-0.287, 0.788, 0.299); Drone position: (-0.137, 0.819, 0.302)

64399346 Setpoint: (-0.296, 0.787, 0.304); Drone position: (-0.146, 0.822, 0.305)

64399453 Setpoint: (-0.306, 0.786, 0.311); Drone position: (-0.155, 0.826, 0.308)

64399554 Setpoint: (-0.315, 0.785, 0.317); Drone position: (-0.165, 0.829, 0.312)

64399653 Setpoint: (-0.325, 0.785, 0.324); Drone position: (-0.174, 0.833, 0.317)

64399748 Setpoint: (-0.335, 0.784, 0.330); Drone position: (-0.183, 0.836, 0.322)

64399856 Setpoint: (-0.346, 0.783, 0.337); Drone position: (-0.190, 0.839, 0.326)

64399978 Setpoint: (-0.357, 0.782, 0.345); Drone position: (-0.204, 0.844, 0.335)

64400053 Setpoint: (-0.365, 0.782, 0.350); Drone position: (-0.210, 0.846, 0.339)

64400156 Setpoint: (-0.375, 0.781, 0.357); Drone position: (-0.217, 0.848, 0.345)

64400255 Setpoint: (-0.384, 0.780, 0.363); Drone position: (-0.224, 0.848, 0.351)

64400356 Setpoint: (-0.384, 0.780, 0.363); Drone position: (-0.235, 0.844, 0.361)

64400450 Setpoint: (-0.384, 0.780, 0.363); Drone position: (-0.243, 0.839, 0.367)

64400549 Setpoint: (-0.384, 0.780, 0.363); Drone position: (-0.248, 0.834, 0.372)

64400653 Setpoint: (-0.384, 0.780, 0.363); Drone position: (-0.256, 0.827, 0.378)

64400752 Setpoint: (-0.384, 0.780, 0.363); Drone position: (-0.266, 0.818, 0.387)

64400866 Setpoint: (-0.384, 0.780, 0.363); Drone position: (-0.273, 0.811, 0.394)

64400954 Setpoint: (-0.384, 0.780, 0.363); Drone position: (-0.277, 0.807, 0.398)

64401063 Setpoint: (-0.384, 0.780, 0.363); Drone position: (-0.284, 0.803, 0.406)

64401173 Setpoint: (-0.384, 0.780, 0.363); Drone position: (-0.289, 0.801, 0.411)

64401269 Setpoint: (-0.384, 0.780, 0.363); Drone position: (-0.291, 0.801, 0.416)

64401365 Setpoint: (-0.384, 0.780, 0.363); Drone position: (-0.293, 0.802, 0.419)

64401469 Setpoint: (-0.384, 0.780, 0.363); Drone position: (-0.293, 0.803, 0.424)

64401552 Setpoint: (-0.384, 0.780, 0.363); Drone position: (-0.293, 0.804, 0.426)

64401672 Setpoint: (-0.384, 0.780, 0.363); Drone position: (-0.292, 0.806, 0.427)

64401777 Setpoint: (-0.384, 0.780, 0.363); Drone position: (-0.289, 0.809, 0.426)

64401865 Setpoint: (-0.384, 0.780, 0.363); Drone position: (-0.285, 0.812, 0.424)

64401958 Setpoint: (-0.384, 0.780, 0.363); Drone position: (-0.281, 0.816, 0.420)

64402059 Setpoint: (-0.384, 0.780, 0.363); Drone position: (-0.277, 0.821, 0.416)

64402160 Setpoint: (-0.384, 0.780, 0.363); Drone position: (-0.275, 0.824, 0.413)

64402270 Setpoint: (-0.384, 0.780, 0.363); Drone position: (-0.271, 0.828, 0.406)

64402368 Setpoint: (-0.384, 0.780, 0.363); Drone position: (-0.266, 0.831, 0.397)

64402462 Setpoint: (-0.384, 0.780, 0.363); Drone position: (-0.262, 0.831, 0.389)

64402553 Setpoint: (-0.384, 0.780, 0.363); Drone position: (-0.260, 0.830, 0.385)

64402655 Setpoint: (-0.384, 0.780, 0.363); Drone position: (-0.256, 0.829, 0.378)

64402761 Setpoint: (-0.384, 0.780, 0.363); Drone position: (-0.252, 0.828, 0.372)

64402876 Setpoint: (-0.384, 0.780, 0.363); Drone position: (-0.249, 0.825, 0.365)

64402976 Setpoint: (-0.384, 0.780, 0.363); Drone position: (-0.247, 0.824, 0.362)

64403054 Setpoint: (-0.384, 0.780, 0.363); Drone position: (-0.246, 0.822, 0.356)

64403161 Setpoint: (-0.384, 0.780, 0.363); Drone position: (-0.245, 0.822, 0.354)

64403253 Setpoint: (-0.384, 0.780, 0.363); Drone position: (-0.245, 0.821, 0.350)

64403349 Setpoint: (-0.384, 0.780, 0.363); Drone position: (-0.245, 0.821, 0.349)

64403459 Setpoint: (-0.384, 0.780, 0.363); Drone position: (-0.245, 0.821, 0.348)

64403555 Setpoint: (-0.392, 0.774, 0.369); Drone position: (-0.245, 0.822, 0.349)

64403646 Setpoint: (-0.401, 0.767, 0.375); Drone position: (-0.245, 0.823, 0.351)

64403743 Setpoint: (-0.410, 0.760, 0.382); Drone position: (-0.245, 0.824, 0.354)

64403856 Setpoint: (-0.419, 0.753, 0.388); Drone position: (-0.245, 0.826, 0.359)

64403969 Setpoint: (-0.430, 0.744, 0.396); Drone position: (-0.245, 0.827, 0.364)

64404053 Setpoint: (-0.437, 0.739, 0.401); Drone position: (-0.246, 0.827, 0.366)

64404154 Setpoint: (-0.448, 0.731, 0.408); Drone position: (-0.247, 0.826, 0.371)

64404268 Setpoint: (-0.458, 0.723, 0.416); Drone position: (-0.250, 0.823, 0.377)

64404366 Setpoint: (-0.467, 0.716, 0.422); Drone position: (-0.255, 0.818, 0.385)

64404470 Setpoint: (-0.476, 0.708, 0.428); Drone position: (-0.259, 0.814, 0.391)

64404552 Setpoint: (-0.485, 0.702, 0.434); Drone position: (-0.263, 0.810, 0.396)

64404646 Setpoint: (-0.494, 0.695, 0.440); Drone position: (-0.270, 0.804, 0.402)

64404772 Setpoint: (-0.506, 0.686, 0.447); Drone position: (-0.282, 0.796, 0.412)

64404872 Setpoint: (-0.516, 0.680, 0.453); Drone position: (-0.293, 0.789, 0.419)

64404943 Setpoint: (-0.523, 0.675, 0.457); Drone position: (-0.306, 0.782, 0.426)

64405044 Setpoint: (-0.533, 0.668, 0.463); Drone position: (-0.315, 0.777, 0.432)

64405153 Setpoint: (-0.542, 0.662, 0.468); Drone position: (-0.328, 0.771, 0.439)

64405250 Setpoint: (-0.552, 0.655, 0.474); Drone position: (-0.346, 0.762, 0.449)

64405352 Setpoint: (-0.563, 0.648, 0.480); Drone position: (-0.363, 0.755, 0.457)

64405470 Setpoint: (-0.573, 0.641, 0.481); Drone position: (-0.379, 0.748, 0.465)

64405571 Setpoint: (-0.573, 0.641, 0.481); Drone position: (-0.404, 0.740, 0.477)

64405654 Setpoint: (-0.573, 0.641, 0.481); Drone position: (-0.416, 0.737, 0.482)

64405771 Setpoint: (-0.573, 0.641, 0.481); Drone position: (-0.443, 0.731, 0.492)

64405864 Setpoint: (-0.573, 0.641, 0.481); Drone position: (-0.449, 0.730, 0.494)

64405958 Setpoint: (-0.573, 0.641, 0.481); Drone position: (-0.480, 0.723, 0.504)

64406055 Setpoint: (-0.573, 0.641, 0.481); Drone position: (-0.490, 0.721, 0.508)

64406177 Setpoint: (-0.573, 0.641, 0.481); Drone position: (-0.507, 0.718, 0.513)

64406280 Setpoint: (-0.573, 0.641, 0.481); Drone position: (-0.523, 0.716, 0.519)

64406381 Setpoint: (-0.573, 0.641, 0.481); Drone position: (-0.531, 0.717, 0.522)

64406471 Setpoint: (-0.573, 0.641, 0.481); Drone position: (-0.537, 0.720, 0.524)

64406581 Setpoint: (-0.573, 0.641, 0.481); Drone position: (-0.541, 0.724, 0.524)

64406641 Setpoint: (-0.573, 0.641, 0.481); Drone position: (-0.542, 0.727, 0.523)

64406758 Setpoint: (-0.573, 0.641, 0.481); Drone position: (-0.542, 0.733, 0.521)

64406863 Setpoint: (-0.573, 0.641, 0.481); Drone position: (-0.539, 0.740, 0.517)

64406969 Setpoint: (-0.573, 0.641, 0.481); Drone position: (-0.537, 0.742, 0.513)

64407065 Setpoint: (-0.573, 0.641, 0.481); Drone position: (-0.532, 0.745, 0.509)

64407164 Setpoint: (-0.573, 0.641, 0.481); Drone position: (-0.528, 0.747, 0.506)

64407256 Setpoint: (-0.573, 0.641, 0.481); Drone position: (-0.518, 0.751, 0.498)

64407353 Setpoint: (-0.573, 0.641, 0.481); Drone position: (-0.510, 0.753, 0.492)

64407464 Setpoint: (-0.573, 0.641, 0.481); Drone position: (-0.502, 0.755, 0.486)

64407535 Setpoint: (-0.573, 0.641, 0.481); Drone position: (-0.495, 0.756, 0.481)

64407674 Setpoint: (-0.573, 0.641, 0.481); Drone position: (-0.480, 0.757, 0.471)

64407777 Setpoint: (-0.573, 0.641, 0.481); Drone position: (-0.475, 0.757, 0.468)

64407877 Setpoint: (-0.573, 0.641, 0.481); Drone position: (-0.467, 0.756, 0.461)

64407969 Setpoint: (-0.573, 0.641, 0.481); Drone position: (-0.463, 0.755, 0.458)

64408068 Setpoint: (-0.573, 0.641, 0.481); Drone position: (-0.459, 0.754, 0.456)

64408170 Setpoint: (-0.573, 0.641, 0.481); Drone position: (-0.457, 0.754, 0.455)

64408263 Setpoint: (-0.573, 0.641, 0.481); Drone position: (-0.455, 0.753, 0.454)

64408370 Setpoint: (-0.573, 0.641, 0.481); Drone position: (-0.449, 0.752, 0.453)

64408468 Setpoint: (-0.573, 0.641, 0.481); Drone position: (-0.447, 0.752, 0.453)

64408564 Setpoint: (-0.573, 0.641, 0.481); Drone position: (-0.443, 0.751, 0.455)

64408677 Setpoint: (-0.573, 0.641, 0.481); Drone position: (-0.440, 0.750, 0.457)

64408753 Setpoint: (-0.573, 0.641, 0.481); Drone position: (-0.438, 0.748, 0.460)

64408854 Setpoint: (-0.573, 0.641, 0.481); Drone position: (-0.436, 0.746, 0.465)

64408966 Setpoint: (-0.573, 0.641, 0.481); Drone position: (-0.435, 0.743, 0.472)

64409074 Setpoint: (-0.573, 0.641, 0.481); Drone position: (-0.435, 0.739, 0.481)

64409163 Setpoint: (-0.573, 0.641, 0.481); Drone position: (-0.436, 0.736, 0.490)

64409285 Setpoint: (-0.573, 0.641, 0.481); Drone position: (-0.437, 0.735, 0.496)

64409365 Setpoint: (-0.573, 0.641, 0.481); Drone position: (-0.439, 0.734, 0.508)

64409464 Setpoint: (-0.573, 0.641, 0.481); Drone position: (-0.440, 0.734, 0.514)

64409564 Setpoint: (-0.573, 0.641, 0.481); Drone position: (-0.441, 0.734, 0.519)

64409671 Setpoint: (-0.581, 0.640, 0.481); Drone position: (-0.443, 0.738, 0.531)

64409770 Setpoint: (-0.588, 0.640, 0.480); Drone position: (-0.443, 0.740, 0.536)

64409851 Setpoint: (-0.593, 0.639, 0.480); Drone position: (-0.444, 0.742, 0.538)

64409958 Setpoint: (-0.598, 0.639, 0.480); Drone position: (-0.444, 0.743, 0.540)

64410059 Setpoint: (-0.598, 0.639, 0.480); Drone position: (-0.444, 0.746, 0.541)

64410153 Setpoint: (-0.598, 0.639, 0.480); Drone position: (-0.445, 0.747, 0.541)

64410265 Setpoint: (-0.598, 0.639, 0.480); Drone position: (-0.447, 0.746, 0.537)

64410360 Setpoint: (-0.597, 0.639, 0.480); Drone position: (-0.448, 0.743, 0.533)

64410467 Setpoint: (-0.590, 0.640, 0.480); Drone position: (-0.452, 0.734, 0.520)

64410560 Setpoint: (-0.582, 0.640, 0.480); Drone position: (-0.456, 0.728, 0.510)

64410661 Setpoint: (-0.574, 0.641, 0.481); Drone position: (-0.460, 0.723, 0.502)

64410774 Setpoint: (-0.566, 0.642, 0.481); Drone position: (-0.469, 0.714, 0.487)

64410859 Setpoint: (-0.558, 0.642, 0.481); Drone position: (-0.473, 0.709, 0.479)

64410972 Setpoint: (-0.548, 0.643, 0.481); Drone position: (-0.484, 0.700, 0.463)

64411057 Setpoint: (-0.540, 0.644, 0.482); Drone position: (-0.490, 0.696, 0.455)

64411157 Setpoint: (-0.536, 0.644, 0.482); Drone position: (-0.496, 0.691, 0.447)

64411252 Setpoint: (-0.536, 0.644, 0.482); Drone position: (-0.499, 0.689, 0.443)

64411367 Setpoint: (-0.536, 0.644, 0.482); Drone position: (-0.510, 0.681, 0.429)

64411464 Setpoint: (-0.536, 0.644, 0.482); Drone position: (-0.513, 0.679, 0.426)

64411577 Setpoint: (-0.536, 0.644, 0.482); Drone position: (-0.518, 0.677, 0.419)

64411671 Setpoint: (-0.536, 0.644, 0.482); Drone position: (-0.521, 0.675, 0.416)

64411768 Setpoint: (-0.536, 0.644, 0.482); Drone position: (-0.523, 0.674, 0.413)

64411877 Setpoint: (-0.536, 0.644, 0.482); Drone position: (-0.524, 0.674, 0.412)

64411978 Setpoint: (-0.536, 0.644, 0.482); Drone position: (-0.525, 0.674, 0.409)

64412079 Setpoint: (-0.536, 0.644, 0.482); Drone position: (-0.524, 0.675, 0.408)

64412179 Setpoint: (-0.536, 0.644, 0.482); Drone position: (-0.523, 0.675, 0.408)

64412270 Setpoint: (-0.536, 0.644, 0.482); Drone position: (-0.521, 0.675, 0.407)

64412370 Setpoint: (-0.536, 0.644, 0.482); Drone position: (-0.516, 0.676, 0.405)

64412451 Setpoint: (-0.536, 0.644, 0.482); Drone position: (-0.512, 0.678, 0.405)

64412565 Setpoint: (-0.536, 0.644, 0.482); Drone position: (-0.508, 0.680, 0.405)

64412660 Setpoint: (-0.536, 0.644, 0.482); Drone position: (-0.502, 0.683, 0.405)

64412752 Setpoint: (-0.536, 0.644, 0.482); Drone position: (-0.495, 0.686, 0.404)

64412857 Setpoint: (-0.536, 0.644, 0.482); Drone position: (-0.487, 0.687, 0.405)

64412964 Setpoint: (-0.536, 0.644, 0.482); Drone position: (-0.482, 0.688, 0.405)

64413055 Setpoint: (-0.536, 0.644, 0.482); Drone position: (-0.476, 0.688, 0.407)

64413160 Setpoint: (-0.536, 0.644, 0.482); Drone position: (-0.466, 0.689, 0.410)

64413258 Setpoint: (-0.536, 0.644, 0.482); Drone position: (-0.458, 0.689, 0.413)

64413351 Setpoint: (-0.536, 0.644, 0.482); Drone position: (-0.454, 0.690, 0.415)

64413455 Setpoint: (-0.536, 0.644, 0.482); Drone position: (-0.448, 0.691, 0.419)

64413570 Setpoint: (-0.536, 0.644, 0.482); Drone position: (-0.443, 0.693, 0.426)

64413652 Setpoint: (-0.536, 0.644, 0.482); Drone position: (-0.440, 0.695, 0.431)

64413765 Setpoint: (-0.536, 0.644, 0.482); Drone position: (-0.438, 0.696, 0.437)

64413874 Setpoint: (-0.536, 0.644, 0.482); Drone position: (-0.437, 0.698, 0.443)

64413977 Setpoint: (-0.536, 0.644, 0.482); Drone position: (-0.437, 0.698, 0.449)

64414053 Setpoint: (-0.536, 0.644, 0.482); Drone position: (-0.438, 0.698, 0.453)

64414154 Setpoint: (-0.536, 0.644, 0.482); Drone position: (-0.439, 0.697, 0.459)

64414247 Setpoint: (-0.536, 0.644, 0.482); Drone position: (-0.441, 0.696, 0.464)

64414370 Setpoint: (-0.536, 0.644, 0.482); Drone position: (-0.446, 0.695, 0.472)

64414458 Setpoint: (-0.536, 0.644, 0.482); Drone position: (-0.447, 0.694, 0.475)

64414550 Setpoint: (-0.536, 0.644, 0.482); Drone position: (-0.452, 0.693, 0.480)

64414647 Setpoint: (-0.536, 0.644, 0.482); Drone position: (-0.454, 0.693, 0.482)

64414762 Setpoint: (-0.536, 0.644, 0.482); Drone position: (-0.459, 0.692, 0.484)

64414851 Setpoint: (-0.536, 0.644, 0.482); Drone position: (-0.462, 0.691, 0.483)

64414974 Setpoint: (-0.524, 0.645, 0.482); Drone position: (-0.464, 0.690, 0.482)

64415055 Setpoint: (-0.516, 0.646, 0.482); Drone position: (-0.467, 0.689, 0.479)

64415158 Setpoint: (-0.506, 0.646, 0.483); Drone position: (-0.471, 0.687, 0.474)

64415261 Setpoint: (-0.495, 0.647, 0.483); Drone position: (-0.474, 0.685, 0.468)

64415370 Setpoint: (-0.484, 0.648, 0.483); Drone position: (-0.475, 0.685, 0.465)

64415457 Setpoint: (-0.476, 0.649, 0.483); Drone position: (-0.479, 0.680, 0.454)

64415569 Setpoint: (-0.465, 0.650, 0.484); Drone position: (-0.479, 0.679, 0.450)

64415668 Setpoint: (-0.454, 0.650, 0.484); Drone position: (-0.481, 0.675, 0.438)

64415752 Setpoint: (-0.444, 0.651, 0.484); Drone position: (-0.481, 0.673, 0.433)

64415866 Setpoint: (-0.433, 0.652, 0.485); Drone position: (-0.482, 0.669, 0.427)

64415966 Setpoint: (-0.426, 0.653, 0.485); Drone position: (-0.482, 0.663, 0.419)

64416056 Setpoint: (-0.426, 0.653, 0.485); Drone position: (-0.481, 0.659, 0.415)

64416156 Setpoint: (-0.426, 0.653, 0.485); Drone position: (-0.480, 0.656, 0.412)

64416256 Setpoint: (-0.426, 0.653, 0.485); Drone position: (-0.479, 0.655, 0.411)

64416365 Setpoint: (-0.426, 0.653, 0.485); Drone position: (-0.475, 0.655, 0.411)

64416462 Setpoint: (-0.426, 0.653, 0.485); Drone position: (-0.473, 0.656, 0.412)

64416560 Setpoint: (-0.426, 0.653, 0.485); Drone position: (-0.470, 0.659, 0.415)

64416655 Setpoint: (-0.426, 0.653, 0.485); Drone position: (-0.466, 0.663, 0.418)

64416745 Setpoint: (-0.426, 0.653, 0.485); Drone position: (-0.461, 0.666, 0.422)

64416866 Setpoint: (-0.426, 0.653, 0.485); Drone position: (-0.455, 0.669, 0.427)

64416966 Setpoint: (-0.426, 0.653, 0.485); Drone position: (-0.448, 0.671, 0.433)

64417064 Setpoint: (-0.426, 0.653, 0.485); Drone position: (-0.444, 0.672, 0.436)

64417168 Setpoint: (-0.417, 0.659, 0.485); Drone position: (-0.439, 0.673, 0.440)

64417262 Setpoint: (-0.406, 0.668, 0.485); Drone position: (-0.435, 0.674, 0.444)

64417354 Setpoint: (-0.398, 0.676, 0.486); Drone position: (-0.429, 0.673, 0.450)

64417463 Setpoint: (-0.388, 0.685, 0.480); Drone position: (-0.423, 0.672, 0.455)

64417551 Setpoint: (-0.378, 0.694, 0.474); Drone position: (-0.420, 0.671, 0.458)

64417653 Setpoint: (-0.369, 0.704, 0.468); Drone position: (-0.413, 0.668, 0.464)

64417763 Setpoint: (-0.359, 0.714, 0.462); Drone position: (-0.408, 0.667, 0.468)

64417876 Setpoint: (-0.348, 0.726, 0.456); Drone position: (-0.400, 0.669, 0.474)

64417959 Setpoint: (-0.339, 0.735, 0.451); Drone position: (-0.400, 0.669, 0.474)

64418059 Setpoint: (-0.330, 0.746, 0.445); Drone position: (-0.396, 0.672, 0.477)

64418161 Setpoint: (-0.320, 0.757, 0.440); Drone position: (-0.393, 0.674, 0.479)

64418261 Setpoint: (-0.310, 0.767, 0.434); Drone position: (-0.390, 0.677, 0.481)

64418364 Setpoint: (-0.300, 0.778, 0.428); Drone position: (-0.390, 0.677, 0.481)

64418467 Setpoint: (-0.291, 0.789, 0.423); Drone position: (-0.390, 0.677, 0.481)

64418568 Setpoint: (-0.281, 0.800, 0.417); Drone position: (-0.390, 0.677, 0.481)

64418671 Setpoint: (-0.271, 0.811, 0.411); Drone position: (-0.385, 0.682, 0.484)

64418769 Setpoint: (-0.262, 0.822, 0.406); Drone position: (-0.380, 0.687, 0.486)

64418880 Setpoint: (-0.253, 0.833, 0.400); Drone position: (-0.374, 0.695, 0.488)

64418970 Setpoint: (-0.250, 0.836, 0.398); Drone position: (-0.374, 0.695, 0.488)

64419074 Setpoint: (-0.250, 0.836, 0.398); Drone position: (-0.365, 0.706, 0.488)

64419170 Setpoint: (-0.250, 0.836, 0.398); Drone position: (-0.363, 0.711, 0.487)

64419255 Setpoint: (-0.250, 0.836, 0.398); Drone position: (-0.361, 0.715, 0.485)

64419371 Setpoint: (-0.250, 0.836, 0.398); Drone position: (-0.357, 0.723, 0.483)

64419455 Setpoint: (-0.250, 0.836, 0.398); Drone position: (-0.353, 0.729, 0.480)

64419553 Setpoint: (-0.250, 0.836, 0.398); Drone position: (-0.350, 0.734, 0.477)

64419661 Setpoint: (-0.250, 0.836, 0.398); Drone position: (-0.333, 0.750, 0.463)

64419755 Setpoint: (-0.250, 0.836, 0.398); Drone position: (-0.315, 0.764, 0.451)

64419853 Setpoint: (-0.250, 0.836, 0.398); Drone position: (-0.304, 0.772, 0.446)

64419956 Setpoint: (-0.250, 0.836, 0.398); Drone position: (-0.298, 0.775, 0.442)

64420080 Setpoint: (-0.250, 0.836, 0.398); Drone position: (-0.297, 0.774, 0.442)

64420168 Setpoint: (-0.250, 0.836, 0.398); Drone position: (-0.297, 0.772, 0.441)

64420265 Setpoint: (-0.250, 0.836, 0.398); Drone position: (-0.298, 0.771, 0.442)

64420376 Setpoint: (-0.250, 0.836, 0.398); Drone position: (-0.302, 0.769, 0.444)

64420487 Setpoint: (-0.250, 0.836, 0.398); Drone position: (-0.303, 0.768, 0.445)

64420572 Setpoint: (-0.250, 0.836, 0.398); Drone position: (-0.309, 0.767, 0.447)

64420658 Setpoint: (-0.250, 0.836, 0.398); Drone position: (-0.311, 0.767, 0.450)

64420758 Setpoint: (-0.250, 0.836, 0.398); Drone position: (-0.316, 0.765, 0.454)

64420854 Setpoint: (-0.250, 0.836, 0.398); Drone position: (-0.319, 0.764, 0.457)

64420972 Setpoint: (-0.250, 0.836, 0.398); Drone position: (-0.328, 0.762, 0.463)

64421054 Setpoint: (-0.250, 0.836, 0.398); Drone position: (-0.331, 0.761, 0.466)

64421153 Setpoint: (-0.250, 0.836, 0.398); Drone position: (-0.335, 0.760, 0.470)

64421260 Setpoint: (-0.250, 0.836, 0.398); Drone position: (-0.339, 0.760, 0.475)

64421370 Setpoint: (-0.250, 0.836, 0.398); Drone position: (-0.341, 0.761, 0.477)

64421462 Setpoint: (-0.250, 0.836, 0.398); Drone position: (-0.343, 0.762, 0.479)

64421564 Setpoint: (-0.250, 0.836, 0.398); Drone position: (-0.345, 0.762, 0.480)

64421669 Setpoint: (-0.250, 0.836, 0.398); Drone position: (-0.346, 0.763, 0.481)

64421762 Setpoint: (-0.250, 0.836, 0.398); Drone position: (-0.346, 0.764, 0.480)

64421865 Setpoint: (-0.250, 0.836, 0.398); Drone position: (-0.346, 0.765, 0.478)

64421979 Setpoint: (-0.250, 0.836, 0.398); Drone position: (-0.347, 0.766, 0.473)

64422068 Setpoint: (-0.250, 0.836, 0.398); Drone position: (-0.347, 0.766, 0.472)

64422171 Setpoint: (-0.248, 0.838, 0.398); Drone position: (-0.347, 0.764, 0.464)

64422256 Setpoint: (-0.243, 0.845, 0.393); Drone position: (-0.347, 0.764, 0.461)

64422353 Setpoint: (-0.237, 0.853, 0.387); Drone position: (-0.347, 0.763, 0.455)

64422455 Setpoint: (-0.230, 0.861, 0.381); Drone position: (-0.347, 0.762, 0.452)

64422565 Setpoint: (-0.225, 0.869, 0.374); Drone position: (-0.346, 0.764, 0.443)

64422653 Setpoint: (-0.219, 0.877, 0.367); Drone position: (-0.346, 0.765, 0.440)

64422770 Setpoint: (-0.212, 0.885, 0.359); Drone position: (-0.344, 0.771, 0.433)

64422864 Setpoint: (-0.207, 0.892, 0.352); Drone position: (-0.341, 0.780, 0.426)

64422958 Setpoint: (-0.202, 0.900, 0.345); Drone position: (-0.339, 0.785, 0.423)

64423061 Setpoint: (-0.198, 0.905, 0.340); Drone position: (-0.335, 0.793, 0.417)

64423159 Setpoint: (-0.198, 0.905, 0.340); Drone position: (-0.330, 0.801, 0.411)

64423259 Setpoint: (-0.198, 0.905, 0.340); Drone position: (-0.327, 0.805, 0.408)

64423361 Setpoint: (-0.198, 0.905, 0.340); Drone position: (-0.320, 0.812, 0.402)

64423458 Setpoint: (-0.198, 0.905, 0.340); Drone position: (-0.310, 0.819, 0.393)

64423572 Setpoint: (-0.198, 0.905, 0.340); Drone position: (-0.305, 0.823, 0.388)

64423671 Setpoint: (-0.198, 0.905, 0.340); Drone position: (-0.298, 0.823, 0.381)

64423740 Setpoint: (-0.198, 0.905, 0.340); Drone position: (-0.298, 0.823, 0.381)

64423866 Setpoint: (-0.198, 0.905, 0.340); Drone position: (-0.294, 0.820, 0.373)

64423973 Setpoint: (-0.198, 0.905, 0.340); Drone position: (-0.293, 0.817, 0.368)

64424065 Setpoint: (-0.198, 0.905, 0.340); Drone position: (-0.293, 0.813, 0.364)

64424155 Setpoint: (-0.198, 0.905, 0.340); Drone position: (-0.295, 0.811, 0.362)

64424269 Setpoint: (-0.198, 0.905, 0.340); Drone position: (-0.298, 0.809, 0.361)

64424349 Setpoint: (-0.198, 0.905, 0.340); Drone position: (-0.303, 0.808, 0.360)

64424456 Setpoint: (-0.198, 0.905, 0.340); Drone position: (-0.309, 0.808, 0.361)

64424563 Setpoint: (-0.198, 0.905, 0.340); Drone position: (-0.312, 0.808, 0.361)

64424652 Setpoint: (-0.198, 0.905, 0.340); Drone position: (-0.319, 0.809, 0.363)

64424744 Setpoint: (-0.198, 0.905, 0.340); Drone position: (-0.324, 0.811, 0.365)

64424878 Setpoint: (-0.198, 0.905, 0.340); Drone position: (-0.329, 0.814, 0.367)

64424962 Setpoint: (-0.198, 0.905, 0.340); Drone position: (-0.331, 0.815, 0.368)

64425065 Setpoint: (-0.198, 0.905, 0.340); Drone position: (-0.333, 0.817, 0.370)

64425174 Setpoint: (-0.198, 0.905, 0.340); Drone position: (-0.331, 0.823, 0.371)

64425277 Setpoint: (-0.198, 0.905, 0.340); Drone position: (-0.328, 0.826, 0.371)

64425374 Setpoint: (-0.198, 0.905, 0.340); Drone position: (-0.322, 0.834, 0.371)

64425472 Setpoint: (-0.198, 0.905, 0.340); Drone position: (-0.314, 0.841, 0.371)

64425581 Setpoint: (-0.198, 0.905, 0.340); Drone position: (-0.306, 0.848, 0.370)

64425682 Setpoint: (-0.198, 0.905, 0.340); Drone position: (-0.295, 0.855, 0.369)

64425771 Setpoint: (-0.198, 0.905, 0.340); Drone position: (-0.288, 0.860, 0.367)

64425841 Setpoint: (-0.198, 0.905, 0.340); Drone position: (-0.280, 0.864, 0.365)

64425943 Setpoint: (-0.198, 0.905, 0.340); Drone position: (-0.262, 0.872, 0.358)

64426056 Setpoint: (-0.198, 0.905, 0.340); Drone position: (-0.246, 0.876, 0.351)

64426173 Setpoint: (-0.198, 0.905, 0.340); Drone position: (-0.233, 0.878, 0.344)

64426261 Setpoint: (-0.198, 0.905, 0.340); Drone position: (-0.220, 0.879, 0.336)

64426366 Setpoint: (-0.198, 0.905, 0.340); Drone position: (-0.215, 0.879, 0.332)

64426460 Setpoint: (-0.198, 0.905, 0.340); Drone position: (-0.205, 0.880, 0.324)

64426569 Setpoint: (-0.198, 0.905, 0.340); Drone position: (-0.194, 0.879, 0.313)

64426670 Setpoint: (-0.198, 0.905, 0.340); Drone position: (-0.187, 0.879, 0.305)

64426778 Setpoint: (-0.198, 0.905, 0.340); Drone position: (-0.181, 0.878, 0.298)

64426881 Setpoint: (-0.198, 0.905, 0.340); Drone position: (-0.177, 0.878, 0.292)

64426962 Setpoint: (-0.198, 0.905, 0.340); Drone position: (-0.175, 0.878, 0.290)

64427053 Setpoint: (-0.198, 0.905, 0.340); Drone position: (-0.170, 0.879, 0.284)

64427175 Setpoint: (-0.203, 0.905, 0.340); Drone position: (-0.169, 0.879, 0.283)

64427270 Setpoint: (-0.209, 0.904, 0.340); Drone position: (-0.168, 0.879, 0.283)

64427371 Setpoint: (-0.215, 0.904, 0.339); Drone position: (-0.167, 0.880, 0.284)

64427472 Setpoint: (-0.221, 0.904, 0.339); Drone position: (-0.168, 0.881, 0.288)

64427566 Setpoint: (-0.226, 0.903, 0.339); Drone position: (-0.169, 0.882, 0.291)

64427656 Setpoint: (-0.232, 0.903, 0.339); Drone position: (-0.169, 0.882, 0.291)

64427759 Setpoint: (-0.238, 0.902, 0.339); Drone position: (-0.173, 0.884, 0.301)

64427851 Setpoint: (-0.242, 0.902, 0.339); Drone position: (-0.177, 0.886, 0.309)

64427957 Setpoint: (-0.249, 0.901, 0.339); Drone position: (-0.180, 0.887, 0.317)

64428066 Setpoint: (-0.255, 0.901, 0.338); Drone position: (-0.185, 0.888, 0.325)

64428164 Setpoint: (-0.261, 0.900, 0.338); Drone position: (-0.189, 0.888, 0.331)

64428254 Setpoint: (-0.266, 0.900, 0.338); Drone position: (-0.195, 0.887, 0.343)

64428356 Setpoint: (-0.272, 0.896, 0.338); Drone position: (-0.198, 0.887, 0.348)

64428456 Setpoint: (-0.277, 0.890, 0.338); Drone position: (-0.203, 0.887, 0.355)

64428581 Setpoint: (-0.284, 0.883, 0.338); Drone position: (-0.208, 0.888, 0.363)

64428669 Setpoint: (-0.289, 0.877, 0.337); Drone position: (-0.211, 0.889, 0.368)

64428756 Setpoint: (-0.294, 0.871, 0.337); Drone position: (-0.212, 0.891, 0.371)

64428855 Setpoint: (-0.300, 0.864, 0.337); Drone position: (-0.213, 0.893, 0.375)

64428969 Setpoint: (-0.306, 0.857, 0.337); Drone position: (-0.213, 0.896, 0.378)

64429055 Setpoint: (-0.312, 0.850, 0.337); Drone position: (-0.213, 0.896, 0.379)

64429161 Setpoint: (-0.318, 0.842, 0.337); Drone position: (-0.211, 0.900, 0.380)

64429279 Setpoint: (-0.324, 0.833, 0.336); Drone position: (-0.208, 0.901, 0.378)

64429359 Setpoint: (-0.329, 0.827, 0.336); Drone position: (-0.207, 0.900, 0.374)

64429461 Setpoint: (-0.336, 0.818, 0.336); Drone position: (-0.207, 0.900, 0.374)

64429558 Setpoint: (-0.343, 0.810, 0.336); Drone position: (-0.204, 0.898, 0.364)

64429658 Setpoint: (-0.350, 0.801, 0.336); Drone position: (-0.204, 0.896, 0.359)

64429749 Setpoint: (-0.356, 0.795, 0.336); Drone position: (-0.204, 0.893, 0.351)

64429861 Setpoint: (-0.365, 0.784, 0.335); Drone position: (-0.204, 0.890, 0.346)

64429972 Setpoint: (-0.373, 0.775, 0.335); Drone position: (-0.207, 0.879, 0.331)

64430069 Setpoint: (-0.380, 0.766, 0.335); Drone position: (-0.211, 0.872, 0.323)

64430166 Setpoint: (-0.387, 0.759, 0.335); Drone position: (-0.218, 0.863, 0.313)

64430274 Setpoint: (-0.395, 0.749, 0.341); Drone position: (-0.226, 0.856, 0.307)

64430362 Setpoint: (-0.403, 0.740, 0.347); Drone position: (-0.231, 0.852, 0.304)

64430466 Setpoint: (-0.410, 0.732, 0.352); Drone position: (-0.242, 0.844, 0.298)

64430556 Setpoint: (-0.417, 0.724, 0.358); Drone position: (-0.248, 0.840, 0.296)

64430660 Setpoint: (-0.425, 0.715, 0.364); Drone position: (-0.269, 0.827, 0.294)

64430762 Setpoint: (-0.432, 0.707, 0.369); Drone position: (-0.279, 0.822, 0.294)

64430859 Setpoint: (-0.440, 0.697, 0.376); Drone position: (-0.293, 0.815, 0.295)

64430982 Setpoint: (-0.448, 0.687, 0.384); Drone position: (-0.307, 0.807, 0.297)

64431064 Setpoint: (-0.455, 0.680, 0.391); Drone position: (-0.328, 0.796, 0.301)

64431169 Setpoint: (-0.461, 0.671, 0.399); Drone position: (-0.337, 0.792, 0.304)

64431253 Setpoint: (-0.467, 0.664, 0.406); Drone position: (-0.355, 0.783, 0.311)

64431357 Setpoint: (-0.473, 0.656, 0.414); Drone position: (-0.375, 0.774, 0.319)

64431446 Setpoint: (-0.479, 0.648, 0.422); Drone position: (-0.384, 0.770, 0.324)

64431549 Setpoint: (-0.486, 0.640, 0.430); Drone position: (-0.400, 0.762, 0.334)

64431678 Setpoint: (-0.492, 0.632, 0.438); Drone position: (-0.414, 0.753, 0.343)

64431753 Setpoint: (-0.492, 0.632, 0.438); Drone position: (-0.422, 0.747, 0.348)

64431849 Setpoint: (-0.492, 0.632, 0.438); Drone position: (-0.438, 0.734, 0.360)

64431966 Setpoint: (-0.492, 0.632, 0.438); Drone position: (-0.450, 0.723, 0.370)

64432068 Setpoint: (-0.492, 0.632, 0.438); Drone position: (-0.459, 0.714, 0.377)

64432155 Setpoint: (-0.492, 0.632, 0.438); Drone position: (-0.468, 0.704, 0.387)

64432253 Setpoint: (-0.492, 0.632, 0.438); Drone position: (-0.471, 0.702, 0.390)

64432371 Setpoint: (-0.492, 0.632, 0.438); Drone position: (-0.475, 0.698, 0.395)

64432465 Setpoint: (-0.492, 0.632, 0.438); Drone position: (-0.478, 0.697, 0.399)

64432562 Setpoint: (-0.492, 0.632, 0.438); Drone position: (-0.479, 0.698, 0.400)

64432670 Setpoint: (-0.492, 0.632, 0.438); Drone position: (-0.478, 0.700, 0.399)

64432778 Setpoint: (-0.492, 0.632, 0.438); Drone position: (-0.475, 0.703, 0.395)

64432873 Setpoint: (-0.492, 0.632, 0.438); Drone position: (-0.472, 0.707, 0.391)

64432975 Setpoint: (-0.492, 0.632, 0.438); Drone position: (-0.468, 0.712, 0.386)

64433067 Setpoint: (-0.492, 0.632, 0.438); Drone position: (-0.462, 0.718, 0.378)

64433178 Setpoint: (-0.492, 0.632, 0.438); Drone position: (-0.458, 0.722, 0.370)

64433268 Setpoint: (-0.492, 0.632, 0.438); Drone position: (-0.455, 0.724, 0.364)

64433366 Setpoint: (-0.492, 0.632, 0.438); Drone position: (-0.449, 0.727, 0.348)

64433461 Setpoint: (-0.492, 0.632, 0.438); Drone position: (-0.444, 0.728, 0.337)

64433558 Setpoint: (-0.492, 0.632, 0.438); Drone position: (-0.442, 0.728, 0.330)

64433668 Setpoint: (-0.492, 0.632, 0.438); Drone position: (-0.439, 0.729, 0.322)

64433771 Setpoint: (-0.492, 0.632, 0.438); Drone position: (-0.436, 0.729, 0.314)

64433860 Setpoint: (-0.492, 0.632, 0.438); Drone position: (-0.434, 0.729, 0.309)

64433955 Setpoint: (-0.492, 0.632, 0.438); Drone position: (-0.431, 0.729, 0.302)

64434051 Setpoint: (-0.492, 0.632, 0.438); Drone position: (-0.429, 0.729, 0.299)

64434161 Setpoint: (-0.492, 0.632, 0.438); Drone position: (-0.428, 0.728, 0.298)

64434266 Setpoint: (-0.492, 0.632, 0.438); Drone position: (-0.427, 0.727, 0.299)

64434360 Setpoint: (-0.492, 0.632, 0.438); Drone position: (-0.426, 0.725, 0.303)

64434459 Setpoint: (-0.492, 0.632, 0.438); Drone position: (-0.424, 0.723, 0.311)

64434553 Setpoint: (-0.492, 0.632, 0.438); Drone position: (-0.424, 0.722, 0.313)

64434668 Setpoint: (-0.492, 0.632, 0.438); Drone position: (-0.423, 0.719, 0.323)

64434763 Setpoint: (-0.492, 0.632, 0.438); Drone position: (-0.421, 0.718, 0.338)

64434871 Setpoint: (-0.492, 0.632, 0.438); Drone position: (-0.421, 0.719, 0.349)

64434971 Setpoint: (-0.492, 0.632, 0.438); Drone position: (-0.420, 0.722, 0.362)

64435056 Setpoint: (-0.492, 0.632, 0.438); Drone position: (-0.419, 0.724, 0.370)

64435155 Setpoint: (-0.492, 0.632, 0.438); Drone position: (-0.418, 0.728, 0.385)

64435258 Setpoint: (-0.492, 0.632, 0.438); Drone position: (-0.417, 0.730, 0.392)

64435352 Setpoint: (-0.492, 0.632, 0.438); Drone position: (-0.413, 0.735, 0.409)

64435453 Setpoint: (-0.492, 0.632, 0.438); Drone position: (-0.412, 0.737, 0.420)

64435545 Setpoint: (-0.492, 0.632, 0.438); Drone position: (-0.409, 0.739, 0.431)

64435648 Setpoint: (-0.492, 0.632, 0.438); Drone position: (-0.407, 0.742, 0.438)

64435753 Setpoint: (-0.492, 0.632, 0.438); Drone position: (-0.405, 0.745, 0.447)

64435856 Setpoint: (-0.492, 0.632, 0.438); Drone position: (-0.403, 0.745, 0.450)

64435951 Setpoint: (-0.492, 0.632, 0.438); Drone position: (-0.400, 0.743, 0.454)

64436055 Setpoint: (-0.492, 0.632, 0.438); Drone position: (-0.398, 0.742, 0.455)

64436173 Setpoint: (-0.492, 0.632, 0.438); Drone position: (-0.395, 0.742, 0.454)

64436261 Setpoint: (-0.492, 0.632, 0.438); Drone position: (-0.394, 0.742, 0.452)

64436360 Setpoint: (-0.492, 0.632, 0.438); Drone position: (-0.393, 0.743, 0.449)

64436466 Setpoint: (-0.492, 0.632, 0.438); Drone position: (-0.392, 0.743, 0.444)

64436566 Setpoint: (-0.492, 0.632, 0.438); Drone position: (-0.393, 0.745, 0.435)

64436649 Setpoint: (-0.492, 0.632, 0.438); Drone position: (-0.393, 0.745, 0.433)

64436749 Setpoint: (-0.492, 0.632, 0.438); Drone position: (-0.393, 0.749, 0.423)

64436854 Setpoint: (-0.492, 0.632, 0.438); Drone position: (-0.394, 0.751, 0.415)

64436954 Setpoint: (-0.492, 0.632, 0.438); Drone position: (-0.395, 0.753, 0.406)

64437044 Setpoint: (-0.492, 0.632, 0.438); Drone position: (-0.397, 0.753, 0.393)

64437144 Setpoint: (-0.492, 0.632, 0.438); Drone position: (-0.399, 0.750, 0.386)

64437245 Setpoint: (-0.492, 0.632, 0.438); Drone position: (-0.400, 0.748, 0.382)

64437381 Setpoint: (-0.492, 0.632, 0.438); Drone position: (-0.402, 0.744, 0.372)

64437470 Setpoint: (-0.492, 0.632, 0.438); Drone position: (-0.404, 0.741, 0.366)

64437554 Setpoint: (-0.492, 0.632, 0.438); Drone position: (-0.404, 0.740, 0.363)

64437684 Setpoint: (-0.492, 0.632, 0.438); Drone position: (-0.406, 0.740, 0.356)

64437764 Setpoint: (-0.492, 0.632, 0.438); Drone position: (-0.406, 0.740, 0.353)

64437868 Setpoint: (-0.492, 0.632, 0.438); Drone position: (-0.407, 0.742, 0.350)

64437973 Setpoint: (-0.492, 0.632, 0.438); Drone position: (-0.407, 0.745, 0.347)

64438065 Setpoint: (-0.492, 0.632, 0.438); Drone position: (-0.407, 0.749, 0.345)

64438141 Setpoint: (-0.492, 0.632, 0.438); Drone position: (-0.406, 0.750, 0.345)

64438281 Setpoint: (-0.492, 0.632, 0.438); Drone position: (-0.403, 0.753, 0.345)

64438373 Setpoint: (-0.492, 0.632, 0.438); Drone position: (-0.400, 0.753, 0.345)

64438468 Setpoint: (-0.492, 0.632, 0.438); Drone position: (-0.398, 0.752, 0.346)

64438547 Setpoint: (-0.492, 0.632, 0.438); Drone position: (-0.397, 0.751, 0.347)

64438648 Setpoint: (-0.492, 0.632, 0.442); Drone position: (-0.394, 0.748, 0.351)

64438771 Setpoint: (-0.492, 0.632, 0.442); Drone position: (-0.392, 0.746, 0.355)

64438872 Setpoint: (-0.491, 0.632, 0.442); Drone position: (-0.392, 0.745, 0.357)

64438967 Setpoint: (-0.485, 0.632, 0.442); Drone position: (-0.392, 0.744, 0.361)

64439072 Setpoint: (-0.478, 0.633, 0.442); Drone position: (-0.395, 0.742, 0.364)

64439157 Setpoint: (-0.472, 0.633, 0.442); Drone position: (-0.398, 0.739, 0.365)

64439268 Setpoint: (-0.464, 0.634, 0.443); Drone position: (-0.402, 0.735, 0.368)

64439362 Setpoint: (-0.457, 0.635, 0.443); Drone position: (-0.412, 0.727, 0.371)

64439460 Setpoint: (-0.449, 0.635, 0.443); Drone position: (-0.420, 0.719, 0.371)

64439570 Setpoint: (-0.440, 0.636, 0.443); Drone position: (-0.428, 0.710, 0.372)

64439670 Setpoint: (-0.430, 0.637, 0.444); Drone position: (-0.434, 0.704, 0.371)

64439778 Setpoint: (-0.422, 0.641, 0.444); Drone position: (-0.446, 0.687, 0.371)

64439868 Setpoint: (-0.414, 0.648, 0.444); Drone position: (-0.451, 0.680, 0.371)

64439973 Setpoint: (-0.414, 0.648, 0.444); Drone position: (-0.457, 0.670, 0.370)

64440084 Setpoint: (-0.414, 0.648, 0.444); Drone position: (-0.460, 0.660, 0.368)

64440168 Setpoint: (-0.414, 0.648, 0.444); Drone position: (-0.459, 0.660, 0.367)

64440273 Setpoint: (-0.409, 0.653, 0.444); Drone position: (-0.457, 0.661, 0.366)

64440359 Setpoint: (-0.401, 0.660, 0.444); Drone position: (-0.452, 0.664, 0.366)

64440467 Setpoint: (-0.401, 0.660, 0.444); Drone position: (-0.446, 0.670, 0.366)

64440569 Setpoint: (-0.401, 0.660, 0.444); Drone position: (-0.439, 0.678, 0.365)

64440672 Setpoint: (-0.401, 0.660, 0.444); Drone position: (-0.433, 0.685, 0.364)

64440770 Setpoint: (-0.401, 0.660, 0.444); Drone position: (-0.425, 0.691, 0.363)

64440851 Setpoint: (-0.401, 0.660, 0.444); Drone position: (-0.420, 0.694, 0.363)

64440969 Setpoint: (-0.401, 0.660, 0.444); Drone position: (-0.409, 0.698, 0.365)

64441053 Setpoint: (-0.401, 0.660, 0.444); Drone position: (-0.404, 0.699, 0.366)

64441143 Setpoint: (-0.401, 0.660, 0.444); Drone position: (-0.397, 0.700, 0.368)

64441241 Setpoint: (-0.401, 0.660, 0.444); Drone position: (-0.391, 0.699, 0.370)

64441353 Setpoint: (-0.401, 0.660, 0.444); Drone position: (-0.384, 0.699, 0.373)

64441444 Setpoint: (-0.401, 0.660, 0.444); Drone position: (-0.380, 0.698, 0.375)

64441544 Setpoint: (-0.401, 0.660, 0.444); Drone position: (-0.376, 0.697, 0.381)

64441654 Setpoint: (-0.401, 0.660, 0.444); Drone position: (-0.372, 0.697, 0.386)

64441735 Setpoint: (-0.401, 0.660, 0.444); Drone position: (-0.371, 0.696, 0.390)

64441870 Setpoint: (-0.396, 0.665, 0.445); Drone position: (-0.369, 0.696, 0.398)

64441953 Setpoint: (-0.389, 0.673, 0.445); Drone position: (-0.369, 0.695, 0.402)

64442072 Setpoint: (-0.379, 0.685, 0.445); Drone position: (-0.369, 0.695, 0.407)

64442153 Setpoint: (-0.372, 0.693, 0.445); Drone position: (-0.369, 0.695, 0.410)

64442253 Setpoint: (-0.364, 0.702, 0.445); Drone position: (-0.371, 0.696, 0.417)

64442358 Setpoint: (-0.354, 0.714, 0.446); Drone position: (-0.373, 0.696, 0.423)

64442450 Setpoint: (-0.346, 0.724, 0.446); Drone position: (-0.373, 0.696, 0.426)

64442562 Setpoint: (-0.337, 0.735, 0.446); Drone position: (-0.374, 0.696, 0.432)

64442660 Setpoint: (-0.328, 0.747, 0.446); Drone position: (-0.374, 0.698, 0.435)

64442749 Setpoint: (-0.320, 0.756, 0.447); Drone position: (-0.374, 0.699, 0.437)

64442851 Setpoint: (-0.320, 0.756, 0.447); Drone position: (-0.373, 0.701, 0.441)

64442967 Setpoint: (-0.320, 0.756, 0.447); Drone position: (-0.370, 0.704, 0.446)

64443067 Setpoint: (-0.320, 0.756, 0.447); Drone position: (-0.369, 0.705, 0.447)

64443167 Setpoint: (-0.320, 0.756, 0.447); Drone position: (-0.365, 0.709, 0.450)

64443261 Setpoint: (-0.320, 0.756, 0.447); Drone position: (-0.360, 0.712, 0.452)

64443369 Setpoint: (-0.320, 0.756, 0.447); Drone position: (-0.355, 0.714, 0.453)

64443457 Setpoint: (-0.320, 0.756, 0.447); Drone position: (-0.351, 0.715, 0.454)

64443557 Setpoint: (-0.320, 0.756, 0.447); Drone position: (-0.347, 0.715, 0.454)

64443668 Setpoint: (-0.320, 0.756, 0.447); Drone position: (-0.343, 0.716, 0.454)

64443777 Setpoint: (-0.320, 0.756, 0.447); Drone position: (-0.338, 0.715, 0.453)

64443868 Setpoint: (-0.320, 0.756, 0.447); Drone position: (-0.334, 0.715, 0.452)

64443970 Setpoint: (-0.320, 0.756, 0.447); Drone position: (-0.331, 0.714, 0.450)

64444071 Setpoint: (-0.320, 0.756, 0.447); Drone position: (-0.329, 0.714, 0.449)

64444196 Setpoint: (-0.320, 0.756, 0.447); Drone position: (-0.328, 0.712, 0.447)

64444277 Setpoint: (-0.320, 0.756, 0.447); Drone position: (-0.329, 0.711, 0.446)

64444374 Setpoint: (-0.320, 0.756, 0.447); Drone position: (-0.329, 0.709, 0.444)

64444456 Setpoint: (-0.320, 0.756, 0.447); Drone position: (-0.330, 0.707, 0.443)

64444564 Setpoint: (-0.320, 0.756, 0.447); Drone position: (-0.331, 0.705, 0.443)

64444675 Setpoint: (-0.320, 0.756, 0.447); Drone position: (-0.332, 0.702, 0.442)

64444758 Setpoint: (-0.320, 0.756, 0.447); Drone position: (-0.332, 0.702, 0.442)

64444868 Setpoint: (-0.320, 0.756, 0.447); Drone position: (-0.334, 0.698, 0.444)

64444973 Setpoint: (-0.320, 0.756, 0.447); Drone position: (-0.334, 0.697, 0.445)

64445052 Setpoint: (-0.320, 0.756, 0.447); Drone position: (-0.335, 0.697, 0.446)

64445179 Setpoint: (-0.320, 0.756, 0.447); Drone position: (-0.336, 0.696, 0.449)

64445273 Setpoint: (-0.320, 0.756, 0.447); Drone position: (-0.336, 0.696, 0.451)

64445365 Setpoint: (-0.320, 0.756, 0.447); Drone position: (-0.337, 0.697, 0.454)

64445479 Setpoint: (-0.320, 0.756, 0.447); Drone position: (-0.338, 0.698, 0.458)

64445577 Setpoint: (-0.320, 0.756, 0.447); Drone position: (-0.340, 0.700, 0.460)

64445680 Setpoint: (-0.320, 0.764, 0.447); Drone position: (-0.341, 0.701, 0.461)

64445774 Setpoint: (-0.321, 0.770, 0.443); Drone position: (-0.344, 0.703, 0.463)

64445864 Setpoint: (-0.321, 0.777, 0.437); Drone position: (-0.346, 0.703, 0.463)

64445984 Setpoint: (-0.322, 0.784, 0.431); Drone position: (-0.351, 0.702, 0.464)

64446068 Setpoint: (-0.322, 0.789, 0.426); Drone position: (-0.353, 0.702, 0.464)

64446166 Setpoint: (-0.322, 0.795, 0.419); Drone position: (-0.356, 0.701, 0.464)

64446276 Setpoint: (-0.322, 0.801, 0.412); Drone position: (-0.360, 0.702, 0.463)

64446353 Setpoint: (-0.323, 0.806, 0.407); Drone position: (-0.362, 0.703, 0.463)

64446450 Setpoint: (-0.323, 0.812, 0.401); Drone position: (-0.363, 0.706, 0.461)

64446565 Setpoint: (-0.323, 0.818, 0.394); Drone position: (-0.364, 0.710, 0.459)

64446665 Setpoint: (-0.324, 0.824, 0.390); Drone position: (-0.363, 0.718, 0.456)

64446752 Setpoint: (-0.324, 0.829, 0.390); Drone position: (-0.361, 0.726, 0.454)

64446853 Setpoint: (-0.325, 0.835, 0.390); Drone position: (-0.359, 0.731, 0.452)

64446953 Setpoint: (-0.325, 0.841, 0.390); Drone position: (-0.355, 0.739, 0.449)

64447063 Setpoint: (-0.325, 0.843, 0.390); Drone position: (-0.349, 0.749, 0.445)

64447160 Setpoint: (-0.325, 0.843, 0.390); Drone position: (-0.345, 0.754, 0.442)

64447262 Setpoint: (-0.325, 0.843, 0.390); Drone position: (-0.339, 0.762, 0.438)

64447385 Setpoint: (-0.325, 0.843, 0.390); Drone position: (-0.333, 0.769, 0.433)

64447467 Setpoint: (-0.331, 0.842, 0.390); Drone position: (-0.328, 0.774, 0.429)

64447556 Setpoint: (-0.336, 0.842, 0.390); Drone position: (-0.321, 0.784, 0.421)

64447655 Setpoint: (-0.343, 0.842, 0.390); Drone position: (-0.315, 0.789, 0.414)

64447756 Setpoint: (-0.349, 0.841, 0.390); Drone position: (-0.312, 0.793, 0.408)

64447870 Setpoint: (-0.357, 0.838, 0.389); Drone position: (-0.304, 0.800, 0.395)

64447965 Setpoint: (-0.363, 0.832, 0.389); Drone position: (-0.301, 0.803, 0.387)

64448066 Setpoint: (-0.370, 0.824, 0.389); Drone position: (-0.300, 0.805, 0.382)

64448179 Setpoint: (-0.377, 0.816, 0.389); Drone position: (-0.298, 0.807, 0.372)

64448259 Setpoint: (-0.383, 0.809, 0.389); Drone position: (-0.298, 0.807, 0.370)

64448368 Setpoint: (-0.391, 0.799, 0.388); Drone position: (-0.298, 0.809, 0.359)

64448460 Setpoint: (-0.397, 0.791, 0.388); Drone position: (-0.299, 0.809, 0.354)

64448566 Setpoint: (-0.402, 0.786, 0.388); Drone position: (-0.300, 0.809, 0.352)

64448666 Setpoint: (-0.402, 0.786, 0.388); Drone position: (-0.303, 0.807, 0.350)

64448752 Setpoint: (-0.402, 0.786, 0.388); Drone position: (-0.307, 0.804, 0.349)

64448857 Setpoint: (-0.402, 0.786, 0.388); Drone position: (-0.313, 0.796, 0.349)

64448959 Setpoint: (-0.408, 0.777, 0.388); Drone position: (-0.319, 0.790, 0.350)

64449055 Setpoint: (-0.415, 0.768, 0.388); Drone position: (-0.326, 0.782, 0.354)

64449173 Setpoint: (-0.424, 0.756, 0.391); Drone position: (-0.333, 0.773, 0.360)

64449273 Setpoint: (-0.431, 0.747, 0.397); Drone position: (-0.337, 0.769, 0.363)

64449370 Setpoint: (-0.436, 0.739, 0.402); Drone position: (-0.342, 0.764, 0.368)

64449464 Setpoint: (-0.443, 0.730, 0.408); Drone position: (-0.348, 0.758, 0.376)

64449556 Setpoint: (-0.450, 0.721, 0.414); Drone position: (-0.349, 0.757, 0.377)

64449672 Setpoint: (-0.459, 0.710, 0.421); Drone position: (-0.355, 0.753, 0.387)

64449755 Setpoint: (-0.464, 0.704, 0.425); Drone position: (-0.357, 0.752, 0.389)

64449866 Setpoint: (-0.466, 0.701, 0.427); Drone position: (-0.362, 0.745, 0.397)

64449961 Setpoint: (-0.466, 0.701, 0.427); Drone position: (-0.365, 0.742, 0.402)

64450052 Setpoint: (-0.466, 0.701, 0.427); Drone position: (-0.369, 0.739, 0.407)

64450159 Setpoint: (-0.466, 0.701, 0.427); Drone position: (-0.371, 0.737, 0.409)

64450260 Setpoint: (-0.466, 0.701, 0.427); Drone position: (-0.373, 0.735, 0.412)

64450358 Setpoint: (-0.466, 0.701, 0.427); Drone position: (-0.378, 0.731, 0.417)

64450483 Setpoint: (-0.466, 0.701, 0.427); Drone position: (-0.382, 0.727, 0.420)

64450583 Setpoint: (-0.466, 0.701, 0.427); Drone position: (-0.383, 0.724, 0.422)

64450663 Setpoint: (-0.466, 0.701, 0.427); Drone position: (-0.384, 0.723, 0.424)

64450766 Setpoint: (-0.466, 0.701, 0.427); Drone position: (-0.384, 0.723, 0.425)

64450850 Setpoint: (-0.473, 0.693, 0.427); Drone position: (-0.384, 0.724, 0.427)

64450950 Setpoint: (-0.480, 0.684, 0.427); Drone position: (-0.384, 0.726, 0.427)

64451060 Setpoint: (-0.488, 0.674, 0.427); Drone position: (-0.381, 0.731, 0.428)

64451150 Setpoint: (-0.496, 0.665, 0.427); Drone position: (-0.378, 0.736, 0.427)

64451264 Setpoint: (-0.504, 0.655, 0.426); Drone position: (-0.374, 0.740, 0.427)

64451364 Setpoint: (-0.512, 0.646, 0.426); Drone position: (-0.373, 0.742, 0.427)

64451476 Setpoint: (-0.520, 0.636, 0.426); Drone position: (-0.371, 0.742, 0.426)

64451564 Setpoint: (-0.527, 0.627, 0.426); Drone position: (-0.370, 0.741, 0.426)

64451660 Setpoint: (-0.536, 0.617, 0.426); Drone position: (-0.370, 0.737, 0.424)

64451773 Setpoint: (-0.545, 0.607, 0.425); Drone position: (-0.371, 0.732, 0.423)

64451857 Setpoint: (-0.551, 0.599, 0.425); Drone position: (-0.373, 0.727, 0.422)

64451967 Setpoint: (-0.559, 0.590, 0.426); Drone position: (-0.381, 0.715, 0.421)

64452069 Setpoint: (-0.566, 0.582, 0.431); Drone position: (-0.385, 0.710, 0.421)

64452155 Setpoint: (-0.575, 0.572, 0.438); Drone position: (-0.395, 0.701, 0.421)

64452277 Setpoint: (-0.577, 0.570, 0.439); Drone position: (-0.409, 0.689, 0.422)

64452377 Setpoint: (-0.577, 0.570, 0.439); Drone position: (-0.422, 0.681, 0.424)

64452474 Setpoint: (-0.577, 0.570, 0.439); Drone position: (-0.437, 0.673, 0.427)

64452577 Setpoint: (-0.577, 0.570, 0.439); Drone position: (-0.451, 0.666, 0.430)

64452672 Setpoint: (-0.577, 0.570, 0.439); Drone position: (-0.465, 0.660, 0.434)

64452771 Setpoint: (-0.577, 0.570, 0.439); Drone position: (-0.472, 0.658, 0.436)

64452863 Setpoint: (-0.577, 0.570, 0.439); Drone position: (-0.482, 0.656, 0.441)

64452980 Setpoint: (-0.577, 0.570, 0.439); Drone position: (-0.488, 0.657, 0.445)

64453065 Setpoint: (-0.577, 0.570, 0.439); Drone position: (-0.492, 0.659, 0.448)

64453169 Setpoint: (-0.577, 0.570, 0.439); Drone position: (-0.493, 0.661, 0.452)

64453269 Setpoint: (-0.577, 0.570, 0.439); Drone position: (-0.494, 0.663, 0.454)

64453382 Setpoint: (-0.577, 0.570, 0.439); Drone position: (-0.492, 0.665, 0.459)

64453470 Setpoint: (-0.577, 0.570, 0.439); Drone position: (-0.490, 0.666, 0.461)

64453557 Setpoint: (-0.577, 0.570, 0.439); Drone position: (-0.487, 0.668, 0.462)

64453659 Setpoint: (-0.577, 0.570, 0.439); Drone position: (-0.480, 0.671, 0.463)

64453769 Setpoint: (-0.577, 0.570, 0.439); Drone position: (-0.474, 0.675, 0.463)

64453865 Setpoint: (-0.577, 0.570, 0.439); Drone position: (-0.467, 0.678, 0.462)

64453956 Setpoint: (-0.577, 0.570, 0.439); Drone position: (-0.461, 0.681, 0.460)

64454055 Setpoint: (-0.577, 0.570, 0.439); Drone position: (-0.454, 0.685, 0.457)

64454167 Setpoint: (-0.577, 0.570, 0.439); Drone position: (-0.443, 0.689, 0.453)

64454277 Setpoint: (-0.577, 0.570, 0.439); Drone position: (-0.435, 0.692, 0.448)

64454384 Setpoint: (-0.577, 0.570, 0.439); Drone position: (-0.426, 0.694, 0.444)

64454471 Setpoint: (-0.577, 0.570, 0.439); Drone position: (-0.419, 0.695, 0.439)

64454570 Setpoint: (-0.577, 0.570, 0.439); Drone position: (-0.413, 0.694, 0.435)

64454673 Setpoint: (-0.577, 0.570, 0.439); Drone position: (-0.407, 0.692, 0.431)

64454756 Setpoint: (-0.577, 0.570, 0.439); Drone position: (-0.403, 0.690, 0.429)

64454868 Setpoint: (-0.577, 0.570, 0.439); Drone position: (-0.394, 0.685, 0.426)

64454949 Setpoint: (-0.577, 0.570, 0.439); Drone position: (-0.391, 0.683, 0.425)

64455074 Setpoint: (-0.577, 0.570, 0.439); Drone position: (-0.387, 0.680, 0.424)

64455170 Setpoint: (-0.577, 0.570, 0.439); Drone position: (-0.384, 0.680, 0.425)

64455265 Setpoint: (-0.577, 0.570, 0.439); Drone position: (-0.384, 0.678, 0.426)

64455357 Setpoint: (-0.577, 0.570, 0.439); Drone position: (-0.384, 0.678, 0.428)

64455475 Setpoint: (-0.577, 0.570, 0.439); Drone position: (-0.387, 0.676, 0.432)

64455563 Setpoint: (-0.577, 0.570, 0.439); Drone position: (-0.389, 0.677, 0.436)

64455653 Setpoint: (-0.577, 0.570, 0.439); Drone position: (-0.392, 0.677, 0.439)

64455759 Setpoint: (-0.577, 0.570, 0.439); Drone position: (-0.397, 0.677, 0.444)

64455860 Setpoint: (-0.577, 0.570, 0.439); Drone position: (-0.403, 0.676, 0.449)

64455969 Setpoint: (-0.577, 0.570, 0.439); Drone position: (-0.410, 0.676, 0.455)

64456096 Setpoint: (-0.577, 0.570, 0.439); Drone position: (-0.415, 0.676, 0.458)

64456158 Setpoint: (-0.577, 0.570, 0.439); Drone position: (-0.420, 0.676, 0.462)

64456256 Setpoint: (-0.577, 0.570, 0.439); Drone position: (-0.426, 0.676, 0.466)

64456361 Setpoint: (-0.577, 0.570, 0.439); Drone position: (-0.430, 0.676, 0.468)

64456459 Setpoint: (-0.577, 0.570, 0.439); Drone position: (-0.438, 0.677, 0.472)

64456557 Setpoint: (-0.577, 0.570, 0.439); Drone position: (-0.441, 0.677, 0.472)

64456658 Setpoint: (-0.577, 0.570, 0.439); Drone position: (-0.444, 0.678, 0.472)

64456769 Setpoint: (-0.577, 0.570, 0.439); Drone position: (-0.449, 0.677, 0.470)

64456868 Setpoint: (-0.577, 0.570, 0.439); Drone position: (-0.451, 0.676, 0.468)

64456963 Setpoint: (-0.577, 0.570, 0.439); Drone position: (-0.452, 0.673, 0.463)

64457058 Setpoint: (-0.577, 0.570, 0.439); Drone position: (-0.451, 0.671, 0.457)

64457177 Setpoint: (-0.577, 0.570, 0.439); Drone position: (-0.450, 0.666, 0.448)

64457279 Setpoint: (-0.577, 0.570, 0.439); Drone position: (-0.448, 0.662, 0.440)

64457371 Setpoint: (-0.577, 0.570, 0.439); Drone position: (-0.446, 0.659, 0.434)

64457479 Setpoint: (-0.577, 0.570, 0.439); Drone position: (-0.443, 0.656, 0.421)

64457550 Setpoint: (-0.577, 0.570, 0.439); Drone position: (-0.442, 0.655, 0.417)

64457668 Setpoint: (-0.577, 0.570, 0.439); Drone position: (-0.438, 0.655, 0.405)

64457782 Setpoint: (-0.577, 0.570, 0.439); Drone position: (-0.433, 0.659, 0.392)

64457872 Setpoint: (-0.577, 0.570, 0.439); Drone position: (-0.429, 0.662, 0.382)

64457970 Setpoint: (-0.577, 0.570, 0.439); Drone position: (-0.426, 0.665, 0.375)

64458068 Setpoint: (-0.577, 0.570, 0.439); Drone position: (-0.421, 0.669, 0.367)

64458176 Setpoint: (-0.577, 0.570, 0.439); Drone position: (-0.413, 0.675, 0.359)

64458279 Setpoint: (-0.577, 0.570, 0.439); Drone position: (-0.406, 0.679, 0.354)

64458369 Setpoint: (-0.577, 0.570, 0.439); Drone position: (-0.399, 0.682, 0.351)

64458455 Setpoint: (-0.577, 0.570, 0.439); Drone position: (-0.393, 0.685, 0.350)

64458565 Setpoint: (-0.577, 0.570, 0.439); Drone position: (-0.385, 0.688, 0.349)

64458669 Setpoint: (-0.577, 0.570, 0.439); Drone position: (-0.377, 0.691, 0.351)

64458769 Setpoint: (-0.577, 0.570, 0.439); Drone position: (-0.371, 0.692, 0.354)

64458865 Setpoint: (-0.577, 0.570, 0.439); Drone position: (-0.367, 0.694, 0.358)

64458971 Setpoint: (-0.577, 0.570, 0.439); Drone position: (-0.362, 0.695, 0.364)

64459052 Setpoint: (-0.577, 0.570, 0.439); Drone position: (-0.358, 0.697, 0.370)

64459160 Setpoint: (-0.577, 0.570, 0.439); Drone position: (-0.355, 0.699, 0.377)

64459272 Setpoint: (-0.577, 0.570, 0.439); Drone position: (-0.351, 0.700, 0.391)

64459360 Setpoint: (-0.577, 0.570, 0.439); Drone position: (-0.349, 0.701, 0.399)

64459449 Setpoint: (-0.577, 0.570, 0.439); Drone position: (-0.348, 0.701, 0.411)

64459559 Setpoint: (-0.577, 0.570, 0.439); Drone position: (-0.347, 0.699, 0.424)

64459661 Setpoint: (-0.577, 0.570, 0.439); Drone position: (-0.344, 0.697, 0.437)

64459758 Setpoint: (-0.577, 0.570, 0.439); Drone position: (-0.342, 0.694, 0.449)

64459872 Setpoint: (-0.577, 0.570, 0.439); Drone position: (-0.340, 0.689, 0.464)

64459956 Setpoint: (-0.577, 0.570, 0.439); Drone position: (-0.339, 0.688, 0.468)

64460062 Setpoint: (-0.577, 0.570, 0.439); Drone position: (-0.336, 0.685, 0.480)

64460161 Setpoint: (-0.577, 0.570, 0.439); Drone position: (-0.335, 0.683, 0.487)

64460265 Setpoint: (-0.577, 0.570, 0.439); Drone position: (-0.334, 0.683, 0.493)

64460359 Setpoint: (-0.577, 0.570, 0.439); Drone position: (-0.334, 0.685, 0.498)

64460463 Setpoint: (-0.579, 0.570, 0.439); Drone position: (-0.336, 0.688, 0.502)

64460556 Setpoint: (-0.586, 0.569, 0.439); Drone position: (-0.339, 0.690, 0.503)

64460679 Setpoint: (-0.594, 0.569, 0.438); Drone position: (-0.343, 0.692, 0.502)

64460766 Setpoint: (-0.598, 0.568, 0.438); Drone position: (-0.348, 0.693, 0.500)

64460873 Setpoint: (-0.603, 0.571, 0.438); Drone position: (-0.359, 0.692, 0.496)

64460972 Setpoint: (-0.603, 0.579, 0.438); Drone position: (-0.367, 0.691, 0.493)

64461070 Setpoint: (-0.604, 0.586, 0.438); Drone position: (-0.380, 0.686, 0.488)

64461186 Setpoint: (-0.604, 0.595, 0.438); Drone position: (-0.400, 0.676, 0.481)

64461268 Setpoint: (-0.605, 0.603, 0.438); Drone position: (-0.409, 0.671, 0.477)

64461370 Setpoint: (-0.606, 0.612, 0.438); Drone position: (-0.428, 0.662, 0.471)

64461463 Setpoint: (-0.602, 0.620, 0.438); Drone position: (-0.452, 0.652, 0.463)

64461579 Setpoint: (-0.595, 0.632, 0.438); Drone position: (-0.483, 0.641, 0.455)

64461659 Setpoint: (-0.590, 0.641, 0.438); Drone position: (-0.495, 0.638, 0.452)

64461758 Setpoint: (-0.585, 0.652, 0.439); Drone position: (-0.513, 0.634, 0.447)

64461859 Setpoint: (-0.582, 0.656, 0.439); Drone position: (-0.531, 0.632, 0.443)

64461943 Setpoint: (-0.582, 0.656, 0.439); Drone position: (-0.544, 0.632, 0.439)

64462054 Setpoint: (-0.582, 0.656, 0.439); Drone position: (-0.565, 0.633, 0.435)

64462142 Setpoint: (-0.582, 0.656, 0.439); Drone position: (-0.579, 0.635, 0.432)

64462243 Setpoint: (-0.582, 0.656, 0.439); Drone position: (-0.586, 0.635, 0.431)

64462370 Setpoint: (-0.582, 0.656, 0.439); Drone position: (-0.602, 0.634, 0.429)

64462455 Setpoint: (-0.582, 0.656, 0.439); Drone position: (-0.607, 0.632, 0.429)

64462546 Setpoint: (-0.582, 0.656, 0.439); Drone position: (-0.610, 0.631, 0.429)

64462653 Setpoint: (-0.582, 0.656, 0.439); Drone position: (-0.611, 0.629, 0.430)

64462782 Setpoint: (-0.582, 0.656, 0.439); Drone position: (-0.610, 0.626, 0.430)

64462854 Setpoint: (-0.582, 0.656, 0.439); Drone position: (-0.607, 0.625, 0.431)

64462954 Setpoint: (-0.582, 0.656, 0.439); Drone position: (-0.603, 0.623, 0.432)

64463069 Setpoint: (-0.582, 0.656, 0.439); Drone position: (-0.596, 0.623, 0.432)

64463179 Setpoint: (-0.582, 0.656, 0.439); Drone position: (-0.584, 0.625, 0.431)

64463259 Setpoint: (-0.582, 0.656, 0.439); Drone position: (-0.580, 0.625, 0.430)

64463373 Setpoint: (-0.582, 0.656, 0.439); Drone position: (-0.576, 0.623, 0.428)

64463480 Setpoint: (-0.582, 0.656, 0.439); Drone position: (-0.573, 0.621, 0.425)

64463574 Setpoint: (-0.582, 0.656, 0.439); Drone position: (-0.572, 0.619, 0.422)

64463673 Setpoint: (-0.582, 0.656, 0.439); Drone position: (-0.572, 0.618, 0.420)

64463740 Setpoint: (-0.582, 0.656, 0.439); Drone position: (-0.571, 0.617, 0.416)

64463881 Setpoint: (-0.582, 0.656, 0.439); Drone position: (-0.574, 0.614, 0.411)

64463941 Setpoint: (-0.582, 0.656, 0.439); Drone position: (-0.574, 0.613, 0.410)

64464071 Setpoint: (-0.582, 0.656, 0.439); Drone position: (-0.577, 0.610, 0.405)

64464181 Setpoint: (-0.582, 0.656, 0.439); Drone position: (-0.581, 0.605, 0.400)

64464279 Setpoint: (-0.582, 0.656, 0.439); Drone position: (-0.584, 0.603, 0.398)

64464355 Setpoint: (-0.582, 0.656, 0.439); Drone position: (-0.588, 0.600, 0.396)

64464458 Setpoint: (-0.582, 0.656, 0.439); Drone position: (-0.593, 0.597, 0.395)

64464560 Setpoint: (-0.582, 0.656, 0.439); Drone position: (-0.601, 0.592, 0.395)

64464659 Setpoint: (-0.582, 0.656, 0.439); Drone position: (-0.606, 0.588, 0.394)

64464771 Setpoint: (-0.582, 0.656, 0.439); Drone position: (-0.616, 0.580, 0.395)

64464867 Setpoint: (-0.582, 0.656, 0.439); Drone position: (-0.626, 0.570, 0.397)

64464962 Setpoint: (-0.582, 0.656, 0.439); Drone position: (-0.636, 0.560, 0.401)

64465059 Setpoint: (-0.582, 0.656, 0.439); Drone position: (-0.645, 0.553, 0.404)

64465160 Setpoint: (-0.582, 0.656, 0.439); Drone position: (-0.672, 0.541, 0.419)

64465260 Setpoint: (-0.582, 0.656, 0.439); Drone position: (-0.682, 0.541, 0.427)

64465359 Setpoint: (-0.582, 0.656, 0.439); Drone position: (-0.692, 0.539, 0.438)

64465451 Setpoint: (-0.582, 0.656, 0.439); Drone position: (-0.699, 0.531, 0.450)

64465569 Setpoint: (-0.582, 0.656, 0.439); Drone position: (-0.709, 0.515, 0.474)

64465669 Setpoint: (-0.581, 0.659, 0.439); Drone position: (-0.714, 0.497, 0.491)

64465770 Setpoint: (-0.575, 0.669, 0.439); Drone position: (-0.723, 0.457, 0.528)

64465865 Setpoint: (-0.569, 0.678, 0.439); Drone position: (-0.735, 0.389, 0.609)

64465971 Setpoint: (-0.562, 0.690, 0.439); Drone position: (-0.688, 0.386, 0.619)

64466062 Setpoint: (-0.556, 0.699, 0.439); Drone position: (-0.604, 0.278, 0.698)

64466156 Setpoint: (-0.549, 0.709, 0.439); Drone position: (-0.535, 0.262, 0.718)

64466263 Setpoint: (-0.542, 0.720, 0.440); Drone position: (-0.420, 0.238, 0.660)

64466373 Setpoint: (-0.535, 0.731, 0.440); Drone position: (-0.345, 0.225, 0.586)

64466466 Setpoint: (-0.528, 0.741, 0.440); Drone position: (-0.282, 0.212, 0.505)

64466574 Setpoint: (-0.521, 0.751, 0.440); Drone position: (-0.221, 0.203, 0.410)

64466656 Setpoint: (-0.518, 0.755, 0.440); Drone position: (-0.198, 0.200, 0.368)

64466778 Setpoint: (-0.518, 0.755, 0.440); Drone position: (-0.150, 0.201, 0.250)

64466868 Setpoint: (-0.518, 0.755, 0.440); Drone position: (-0.134, 0.207, 0.190)

64466970 Setpoint: (-0.518, 0.755, 0.440); Drone position: (-0.126, 0.218, 0.134)

64467069 Setpoint: (-0.518, 0.755, 0.440); Drone position: (-0.126, 0.227, 0.102)

64467171 Setpoint: (-0.518, 0.755, 0.440); Drone position: (-0.141, 0.250, 0.059)

64467280 Setpoint: (-0.518, 0.755, 0.440); Drone position: (-0.156, 0.266, 0.042)

64467360 Setpoint: (-0.518, 0.755, 0.440); Drone position: (-0.167, 0.276, 0.032)

64467457 Setpoint: (-0.518, 0.755, 0.440); Drone position: (-0.191, 0.293, 0.027)

64467564 Setpoint: (-0.518, 0.755, 0.440); Drone position: (-0.222, 0.309, 0.030)

64467650 Setpoint: (-0.518, 0.755, 0.440); Drone position: (-0.268, 0.328, 0.046)

64467763 Setpoint: (-0.518, 0.755, 0.440); Drone position: (-0.306, 0.339, 0.068)

64467852 Setpoint: (-0.518, 0.755, 0.440); Drone position: (-0.334, 0.344, 0.087)

64467963 Setpoint: (-0.518, 0.755, 0.440); Drone position: (-0.377, 0.349, 0.119)

64468052 Setpoint: (-0.518, 0.755, 0.440); Drone position: (-0.421, 0.350, 0.156)

64468154 Setpoint: (-0.518, 0.755, 0.440); Drone position: (-0.465, 0.349, 0.194)

64468275 Setpoint: (-0.518, 0.755, 0.440); Drone position: (-0.522, 0.344, 0.244)

64468355 Setpoint: (-0.518, 0.755, 0.440); Drone position: (-0.564, 0.338, 0.279)

64468473 Setpoint: (-0.518, 0.755, 0.440); Drone position: (-0.597, 0.330, 0.309)

64468572 Setpoint: (-0.518, 0.755, 0.440); Drone position: (-0.629, 0.321, 0.336)

64468663 Setpoint: (-0.518, 0.755, 0.440); Drone position: (-0.637, 0.319, 0.344)

64468779 Setpoint: (-0.518, 0.755, 0.440); Drone position: (-0.685, 0.302, 0.389)

64468857 Setpoint: (-0.518, 0.755, 0.440); Drone position: (-0.701, 0.296, 0.403)

64468957 Setpoint: (-0.518, 0.755, 0.440); Drone position: (-0.722, 0.287, 0.426)

64469052 Setpoint: (-0.518, 0.755, 0.440); Drone position: (-0.741, 0.278, 0.446)

64469157 Setpoint: (-0.518, 0.755, 0.440); Drone position: (-0.762, 0.267, 0.474)

64469246 Setpoint: (-0.518, 0.755, 0.440); Drone position: (-0.771, 0.262, 0.486)

64469370 Setpoint: (-0.518, 0.755, 0.440); Drone position: (-0.785, 0.254, 0.509)

64469461 Setpoint: (-0.518, 0.755, 0.440); Drone position: (-0.791, 0.250, 0.518)

64469550 Setpoint: (-0.518, 0.755, 0.440); Drone position: (-0.799, 0.245, 0.534)

64469650 Setpoint: (-0.518, 0.755, 0.440); Drone position: (-0.804, 0.241, 0.547)

64469755 Setpoint: (-0.518, 0.755, 0.440); Drone position: (-0.809, 0.237, 0.563)

64469864 Setpoint: (-0.518, 0.755, 0.440); Drone position: (-0.814, 0.235, 0.573)

64469970 Setpoint: (-0.518, 0.755, 0.440); Drone position: (-0.819, 0.233, 0.588)

64470083 Setpoint: (-0.518, 0.755, 0.440); Drone position: (-0.822, 0.231, 0.598)

64470162 Setpoint: (-0.518, 0.755, 0.440); Drone position: (-0.824, 0.231, 0.601)

64470282 Setpoint: (-0.518, 0.755, 0.440); Drone position: (-0.825, 0.230, 0.607)

64470363 Setpoint: (-0.518, 0.755, 0.440); Drone position: (-0.826, 0.230, 0.611)

64470442 Setpoint: (-0.518, 0.755, 0.440); Drone position: (-0.826, 0.230, 0.615)

64470542 Setpoint: (-0.518, 0.755, 0.440); Drone position: (-0.826, 0.230, 0.618)

64470645 Setpoint: (-0.518, 0.755, 0.440); Drone position: (-0.825, 0.231, 0.624)

64470756 Setpoint: (-0.518, 0.755, 0.440); Drone position: (-0.823, 0.232, 0.628)

64470843 Setpoint: (-0.518, 0.755, 0.440); Drone position: (-0.820, 0.233, 0.633)

64470949 Setpoint: (-0.518, 0.755, 0.440); Drone position: (-0.816, 0.234, 0.638)

64471073 Setpoint: (-0.518, 0.755, 0.440); Drone position: (-0.810, 0.236, 0.645)

64471162 Setpoint: (-0.518, 0.755, 0.440); Drone position: (-0.808, 0.236, 0.647)

64471272 Setpoint: (-0.518, 0.755, 0.440); Drone position: (-0.801, 0.238, 0.655)

64471362 Setpoint: (-0.518, 0.755, 0.440); Drone position: (-0.798, 0.239, 0.658)

64471462 Setpoint: (-0.518, 0.755, 0.440); Drone position: (-0.796, 0.239, 0.660)

64471572 Setpoint: (-0.518, 0.755, 0.440); Drone position: (-0.797, 0.240, 0.675)

64471673 Setpoint: (-0.518, 0.755, 0.440); Drone position: (-0.802, 0.241, 0.684)

64471741 Setpoint: (-0.518, 0.755, 0.440); Drone position: (-0.804, 0.242, 0.690)

64471862 Setpoint: (-0.518, 0.755, 0.440); Drone position: (-0.813, 0.244, 0.705)

64471954 Setpoint: (-0.518, 0.755, 0.440); Drone position: (-0.826, 0.245, 0.717)

64472073 Setpoint: (-0.518, 0.755, 0.440); Drone position: (-0.840, 0.246, 0.721)

64472154 Setpoint: (-0.518, 0.755, 0.440); Drone position: (-0.857, 0.247, 0.715)

64472266 Setpoint: (-0.518, 0.755, 0.440); Drone position: (-0.873, 0.248, 0.708)

64472366 Setpoint: (-0.518, 0.755, 0.440); Drone position: (-0.886, 0.249, 0.697)

64472475 Setpoint: (-0.518, 0.755, 0.440); Drone position: (-0.901, 0.250, 0.680)

64472578 Setpoint: (-0.518, 0.755, 0.440); Drone position: (-0.923, 0.250, 0.678)

64472663 Setpoint: (-0.518, 0.755, 0.440); Drone position: (-0.945, 0.251, 0.672)

64472764 Setpoint: (-0.518, 0.755, 0.440); Drone position: (-0.964, 0.252, 0.653)

64472879 Setpoint: (-0.518, 0.755, 0.440); Drone position: (-0.985, 0.252, 0.642)

64472958 Setpoint: (-0.518, 0.755, 0.440); Drone position: (-1.006, 0.253, 0.632)

64473069 Setpoint: (-0.518, 0.755, 0.440); Drone position: (-1.024, 0.254, 0.623)

64473159 Setpoint: (-0.518, 0.755, 0.440); Drone position: (-1.037, 0.257, 0.617)

64473282 Setpoint: (-0.518, 0.755, 0.440); Drone position: (-1.044, 0.265, 0.613)

64473366 Setpoint: (-0.518, 0.755, 0.440); Drone position: (-1.043, 0.278, 0.616)

64473466 Setpoint: (-0.518, 0.755, 0.440); Drone position: (-1.037, 0.312, 0.625)

64473577 Setpoint: (-0.518, 0.755, 0.440); Drone position: (-1.024, 0.349, 0.629)

64473673 Setpoint: (-0.518, 0.755, 0.440); Drone position: (-0.999, 0.381, 0.636)

64473773 Setpoint: (-0.518, 0.755, 0.440); Drone position: (-0.982, 0.395, 0.650)

64473864 Setpoint: (-0.518, 0.755, 0.440); Drone position: (-0.972, 0.405, 0.664)

64473965 Setpoint: (-0.518, 0.755, 0.440); Drone position: (-0.964, 0.417, 0.688)

64474067 Setpoint: (-0.518, 0.755, 0.440); Drone position: (-0.962, 0.424, 0.717)

64474167 Setpoint: (-0.518, 0.755, 0.440); Drone position: (-0.967, 0.427, 0.747)

64474272 Setpoint: (-0.518, 0.755, 0.440); Drone position: (-0.978, 0.428, 0.777)

64474366 Setpoint: (-0.518, 0.755, 0.440); Drone position: (-0.986, 0.428, 0.790)

64474455 Setpoint: (-0.518, 0.755, 0.440); Drone position: (-0.993, 0.429, 0.803)

64474567 Setpoint: (-0.518, 0.755, 0.440); Drone position: (-1.007, 0.436, 0.826)

64474655 Setpoint: (-0.518, 0.755, 0.440); Drone position: (-1.012, 0.436, 0.839)

64474780 Setpoint: (-0.518, 0.755, 0.440); Drone position: (-1.026, 0.427, 0.864)

64474796 Setpoint: (-0.518, 0.755, 0.440); Drone position: (-1.038, 0.421, 0.876)

64475167 Setpoint: (-0.518, 0.755, 0.440); Drone position: (-1.130, 0.439, 0.896)

64475247 Setpoint: (-0.518, 0.755, 0.440); Drone position: (-1.148, 0.448, 0.893)

64475352 Setpoint: (-0.518, 0.755, 0.440); Drone position: (-1.175, 0.459, 0.887)

64475461 Setpoint: (-0.518, 0.755, 0.440); Drone position: (-1.200, 0.466, 0.883)

64475547 Setpoint: (-0.518, 0.755, 0.440); Drone position: (-1.221, 0.467, 0.881)

64475652 Setpoint: (-0.518, 0.755, 0.440); Drone position: (-1.236, 0.472, 0.882)

64475750 Setpoint: (-0.518, 0.755, 0.440); Drone position: (-1.282, 0.511, 0.885)

64475851 Setpoint: (-0.518, 0.755, 0.440); Drone position: (-1.309, 0.545, 0.888)

64475942 Setpoint: (-0.518, 0.755, 0.440); Drone position: (-1.310, 0.565, 0.888)

64476049 Setpoint: (-0.518, 0.755, 0.440); Drone position: (-1.296, 0.575, 0.885)

64476142 Setpoint: (-0.518, 0.755, 0.440); Drone position: (-1.283, 0.578, 0.882)

64476258 Setpoint: (-0.518, 0.755, 0.440); Drone position: (-1.265, 0.576, 0.878)

64476351 Setpoint: (-0.518, 0.755, 0.440); Drone position: (-1.242, 0.568, 0.874)

64476454 Setpoint: (-0.518, 0.755, 0.440); Drone position: (-1.221, 0.556, 0.872)

64476500 Setpoint: (-0.518, 0.755, 0.440); Drone position: (-1.212, 0.546, 0.871)

64476640 Setpoint: (-0.518, 0.755, 0.440); Drone position: (-1.199, 0.511, 0.873)

64476755 Setpoint: (-0.518, 0.755, 0.440); Drone position: (-1.196, 0.462, 0.877)

64476839 Setpoint: (-0.518, 0.755, 0.440); Drone position: (-1.195, 0.436, 0.880)

64476957 Setpoint: (-0.518, 0.755, 0.440); Drone position: (-1.185, 0.383, 0.885)

64477047 Setpoint: (-0.518, 0.755, 0.440); Drone position: (-1.176, 0.349, 0.880)

64477157 Setpoint: (-0.518, 0.755, 0.440); Drone position: (-1.167, 0.330, 0.874)

64477235 Setpoint: (-0.518, 0.755, 0.440); Drone position: (-1.159, 0.318, 0.869)

64477349 Setpoint: (-0.518, 0.755, 0.440); Drone position: (-1.145, 0.269, 0.848)

64477417 Setpoint: (-0.518, 0.755, 0.440); Drone position: (-1.145, 0.269, 0.848)

64477547 Setpoint: (-0.518, 0.755, 0.440); Drone position: (-1.124, 0.252, 0.822)

64477650 Setpoint: (-0.518, 0.755, 0.440); Drone position: (-1.091, 0.233, 0.799)

64477737 Setpoint: (-0.518, 0.755, 0.440); Drone position: (-1.033, 0.213, 0.782)

64477831 Setpoint: (-0.518, 0.755, 0.440); Drone position: (-1.033, 0.213, 0.782)

64477931 Setpoint: (-0.518, 0.755, 0.440); Drone position: (-0.952, 0.207, 0.773)

64478031 Setpoint: (-0.518, 0.755, 0.440); Drone position: (-0.843, 0.203, 0.771)

64478138 Setpoint: (-0.518, 0.755, 0.440); Drone position: (-0.783, 0.201, 0.770)

64478241 Setpoint: (-0.518, 0.755, 0.440); Drone position: (-0.731, 0.200, 0.769)

64478332 Setpoint: (-0.518, 0.755, 0.440); Drone position: (-0.731, 0.200, 0.769)

64478415 Setpoint: (-0.518, 0.755, 0.440); Drone position: (-0.679, 0.203, 0.764)

64478734 Setpoint: (-0.518, 0.755, 0.440); Drone position: (-0.642, 0.208, 0.732)

64478856 Setpoint: (-0.518, 0.755, 0.440); Drone position: (-0.659, 0.215, 0.715)

64478947 Setpoint: (-0.518, 0.755, 0.440); Drone position: (-0.659, 0.215, 0.715)

64479036 Setpoint: (-0.518, 0.755, 0.440); Drone position: (-0.659, 0.215, 0.715)

64479147 Setpoint: (-0.518, 0.755, 0.440); Drone position: (-0.659, 0.215, 0.715)

64479260 Setpoint: (-0.518, 0.755, 0.440); Drone position: (-0.659, 0.215, 0.715)

64479348 Setpoint: (-0.518, 0.755, 0.440); Drone position: (-0.659, 0.215, 0.715)

64479458 Setpoint: (-0.518, 0.755, 0.440); Drone position: (-0.659, 0.215, 0.715)

64479550 Setpoint: (-0.518, 0.755, 0.440); Drone position: (-0.659, 0.215, 0.715)

64479663 Setpoint: (-0.518, 0.755, 0.440); Drone position: (-0.659, 0.215, 0.715)

64479749 Setpoint: (-0.518, 0.755, 0.440); Drone position: (-0.659, 0.215, 0.715)

64479861 Setpoint: (-0.518, 0.755, 0.440); Drone position: (-0.659, 0.215, 0.715)

64479955 Setpoint: (-0.518, 0.755, 0.440); Drone position: (-0.659, 0.215, 0.715)

64480039 Setpoint: (-0.518, 0.755, 0.440); Drone position: (-0.659, 0.215, 0.715)

64480150 Setpoint: (-0.518, 0.755, 0.440); Drone position: (-0.659, 0.215, 0.715)

64480257 Setpoint: (-0.518, 0.755, 0.440); Drone position: (-0.659, 0.215, 0.715)

64480359 Setpoint: (-0.518, 0.755, 0.440); Drone position: (-0.659, 0.215, 0.715)

