Unity data 
0 
0 
0 
0 
0 
0 
0 
0 
0 
0 
0 
0 
0 
0 
0 
0 
0 
0 
0 
0 
0 
0 
0 
0 
0 
0 
0 
0 
0 
0 
0 
0 
0 
0 
0 
0 
0 
0 
0 
0 
0 
0 
0 
0 
0 
0 
0 
0 
0 
0 
0 
0 
0 
0 
0 
0 
0 
0 
0 
0 
0 
0 
0 
0 
0 
0 
0 
0 
0 
0 
0 
0 
0 
0 
0 
0 
0 
0 
0 
0 
0 
0 
0 
0 
0 
0 
0 
0 
0 
0 
0 
0 
57133023 Setpoint: (0.130, 1.023, 0.107); Drone position: (0.129, 1.083, 0.108)

57133112 Setpoint: (0.130, 1.023, 0.107); Drone position: (0.129, 1.121, 0.109)

57133224 Setpoint: (0.130, 1.023, 0.107); Drone position: (0.129, 1.142, 0.110)

57133314 Setpoint: (0.130, 1.023, 0.107); Drone position: (0.130, 1.153, 0.109)

57133425 Setpoint: (0.130, 1.023, 0.107); Drone position: (0.130, 1.157, 0.109)

57133518 Setpoint: (0.130, 1.023, 0.107); Drone position: (0.132, 1.154, 0.107)

57133626 Setpoint: (0.130, 1.023, 0.107); Drone position: (0.133, 1.145, 0.105)

57133717 Setpoint: (0.130, 1.023, 0.107); Drone position: (0.135, 1.132, 0.103)

57133828 Setpoint: (0.130, 1.023, 0.107); Drone position: (0.138, 1.116, 0.100)

57133918 Setpoint: (0.130, 1.023, 0.107); Drone position: (0.140, 1.097, 0.097)

57134027 Setpoint: (0.130, 1.023, 0.107); Drone position: (0.143, 1.076, 0.093)

57134117 Setpoint: (0.130, 1.023, 0.107); Drone position: (0.146, 1.055, 0.089)

57134229 Setpoint: (0.130, 1.023, 0.107); Drone position: (0.150, 1.035, 0.084)

57134324 Setpoint: (0.130, 1.023, 0.107); Drone position: (0.153, 1.015, 0.080)

57134412 Setpoint: (0.130, 1.023, 0.107); Drone position: (0.156, 1.003, 0.076)

57134519 Setpoint: (0.130, 1.023, 0.107); Drone position: (0.159, 0.986, 0.071)

57134609 Setpoint: (0.130, 1.023, 0.107); Drone position: (0.165, 0.967, 0.065)

57134720 Setpoint: (0.130, 1.023, 0.107); Drone position: (0.169, 0.955, 0.060)

57134811 Setpoint: (0.130, 1.023, 0.107); Drone position: (0.174, 0.946, 0.055)

57134921 Setpoint: (0.130, 1.023, 0.107); Drone position: (0.177, 0.941, 0.052)

57135010 Setpoint: (0.130, 1.023, 0.107); Drone position: (0.182, 0.934, 0.046)

57135123 Setpoint: (0.130, 1.023, 0.107); Drone position: (0.184, 0.932, 0.043)

57135215 Setpoint: (0.130, 1.023, 0.107); Drone position: (0.189, 0.930, 0.038)

57135321 Setpoint: (0.130, 1.023, 0.107); Drone position: (0.189, 0.930, 0.038)

57135424 Setpoint: (0.130, 1.023, 0.107); Drone position: (0.194, 0.933, 0.030)

57135515 Setpoint: (0.130, 1.023, 0.107); Drone position: (0.194, 0.933, 0.030)

57135626 Setpoint: (0.130, 1.023, 0.107); Drone position: (0.197, 0.939, 0.024)

57135715 Setpoint: (0.130, 1.023, 0.107); Drone position: (0.197, 0.940, 0.024)

57135828 Setpoint: (0.130, 1.023, 0.107); Drone position: (0.198, 0.947, 0.020)

57135916 Setpoint: (0.130, 1.023, 0.107); Drone position: (0.198, 0.948, 0.019)

57136027 Setpoint: (0.130, 1.023, 0.107); Drone position: (0.198, 0.957, 0.018)

57136125 Setpoint: (0.130, 1.023, 0.107); Drone position: (0.198, 0.958, 0.018)

57136218 Setpoint: (0.130, 1.023, 0.107); Drone position: (0.196, 0.968, 0.017)

57136324 Setpoint: (0.130, 1.023, 0.107); Drone position: (0.196, 0.970, 0.017)

57136408 Setpoint: (0.130, 1.023, 0.107); Drone position: (0.195, 0.980, 0.018)

57136518 Setpoint: (0.130, 1.023, 0.107); Drone position: (0.194, 0.982, 0.018)

57136609 Setpoint: (0.130, 1.023, 0.107); Drone position: (0.192, 0.989, 0.020)

57136720 Setpoint: (0.130, 1.023, 0.107); Drone position: (0.192, 0.990, 0.021)

57136810 Setpoint: (0.130, 1.023, 0.107); Drone position: (0.188, 0.992, 0.025)

57136922 Setpoint: (0.130, 1.023, 0.107); Drone position: (0.184, 0.993, 0.028)

57137011 Setpoint: (0.130, 1.023, 0.107); Drone position: (0.180, 0.993, 0.032)

57137128 Setpoint: (0.130, 1.023, 0.107); Drone position: (0.175, 0.993, 0.036)

57137220 Setpoint: (0.130, 1.023, 0.107); Drone position: (0.170, 0.993, 0.041)

57137322 Setpoint: (0.130, 1.023, 0.107); Drone position: (0.164, 0.993, 0.045)

57137412 Setpoint: (0.130, 1.023, 0.107); Drone position: (0.157, 0.993, 0.049)

57137526 Setpoint: (0.130, 1.023, 0.107); Drone position: (0.150, 0.993, 0.053)

57137614 Setpoint: (0.130, 1.023, 0.107); Drone position: (0.143, 0.994, 0.057)

57137725 Setpoint: (0.130, 1.023, 0.107); Drone position: (0.136, 0.994, 0.061)

57137814 Setpoint: (0.130, 1.023, 0.107); Drone position: (0.129, 0.995, 0.065)

57137928 Setpoint: (0.130, 1.023, 0.107); Drone position: (0.122, 0.995, 0.069)

57138016 Setpoint: (0.130, 1.023, 0.107); Drone position: (0.116, 0.996, 0.073)

57138129 Setpoint: (0.130, 1.027, 0.107); Drone position: (0.108, 0.996, 0.077)

57138223 Setpoint: (0.130, 1.031, 0.107); Drone position: (0.104, 0.997, 0.080)

57138329 Setpoint: (0.130, 1.036, 0.107); Drone position: (0.097, 0.997, 0.084)

57138429 Setpoint: (0.130, 1.041, 0.107); Drone position: (0.093, 0.998, 0.086)

57138532 Setpoint: (0.130, 1.046, 0.107); Drone position: (0.089, 0.999, 0.088)

57138596 Setpoint: (0.130, 1.049, 0.107); Drone position: (0.088, 0.999, 0.089)

57138729 Setpoint: (0.130, 1.056, 0.107); Drone position: (0.084, 1.002, 0.091)

57138798 Setpoint: (0.130, 1.060, 0.107); Drone position: (0.082, 1.004, 0.092)

57138896 Setpoint: (0.130, 1.065, 0.107); Drone position: (0.080, 1.006, 0.093)

57138999 Setpoint: (0.134, 1.071, 0.107); Drone position: (0.078, 1.009, 0.094)

57139110 Setpoint: (0.139, 1.077, 0.107); Drone position: (0.077, 1.013, 0.094)

57139222 Setpoint: (0.143, 1.084, 0.107); Drone position: (0.077, 1.017, 0.094)

57139313 Setpoint: (0.147, 1.089, 0.107); Drone position: (0.077, 1.021, 0.095)

57139423 Setpoint: (0.151, 1.096, 0.107); Drone position: (0.078, 1.026, 0.095)

57139512 Setpoint: (0.154, 1.101, 0.107); Drone position: (0.079, 1.031, 0.095)

57139625 Setpoint: (0.159, 1.108, 0.107); Drone position: (0.080, 1.036, 0.095)

57139715 Setpoint: (0.162, 1.113, 0.107); Drone position: (0.082, 1.042, 0.094)

57139824 Setpoint: (0.167, 1.120, 0.107); Drone position: (0.084, 1.048, 0.094)

57139915 Setpoint: (0.170, 1.125, 0.107); Drone position: (0.088, 1.054, 0.093)

57140027 Setpoint: (0.175, 1.132, 0.107); Drone position: (0.091, 1.060, 0.093)

57140116 Setpoint: (0.178, 1.138, 0.107); Drone position: (0.095, 1.066, 0.093)

57140227 Setpoint: (0.179, 1.145, 0.107); Drone position: (0.100, 1.072, 0.092)

57140317 Setpoint: (0.179, 1.150, 0.107); Drone position: (0.104, 1.079, 0.092)

57140429 Setpoint: (0.179, 1.157, 0.107); Drone position: (0.112, 1.087, 0.092)

57140519 Setpoint: (0.179, 1.163, 0.107); Drone position: (0.116, 1.092, 0.092)

57140619 Setpoint: (0.179, 1.169, 0.107); Drone position: (0.122, 1.098, 0.091)

57140723 Setpoint: (0.179, 1.176, 0.107); Drone position: (0.129, 1.104, 0.091)

57140808 Setpoint: (0.179, 1.182, 0.107); Drone position: (0.136, 1.111, 0.091)

57140919 Setpoint: (0.179, 1.189, 0.107); Drone position: (0.142, 1.117, 0.090)

57141010 Setpoint: (0.179, 1.195, 0.107); Drone position: (0.149, 1.123, 0.090)

57141121 Setpoint: (0.179, 1.202, 0.107); Drone position: (0.155, 1.130, 0.090)

57141210 Setpoint: (0.179, 1.209, 0.107); Drone position: (0.161, 1.136, 0.089)

57141322 Setpoint: (0.180, 1.216, 0.107); Drone position: (0.167, 1.142, 0.089)

57141412 Setpoint: (0.180, 1.223, 0.107); Drone position: (0.172, 1.149, 0.089)

57141529 Setpoint: (0.180, 1.232, 0.107); Drone position: (0.179, 1.157, 0.088)

57141620 Setpoint: (0.180, 1.239, 0.107); Drone position: (0.183, 1.161, 0.088)

57141713 Setpoint: (0.180, 1.246, 0.107); Drone position: (0.187, 1.167, 0.087)

57141814 Setpoint: (0.182, 1.254, 0.107); Drone position: (0.191, 1.174, 0.087)

57141925 Setpoint: (0.187, 1.263, 0.107); Drone position: (0.195, 1.181, 0.086)

57142016 Setpoint: (0.191, 1.271, 0.107); Drone position: (0.197, 1.188, 0.085)

57142126 Setpoint: (0.196, 1.280, 0.107); Drone position: (0.200, 1.196, 0.084)

57142217 Setpoint: (0.200, 1.287, 0.107); Drone position: (0.202, 1.203, 0.083)

57142328 Setpoint: (0.205, 1.297, 0.107); Drone position: (0.205, 1.211, 0.082)

57142417 Setpoint: (0.209, 1.304, 0.107); Drone position: (0.207, 1.218, 0.081)

57142520 Setpoint: (0.214, 1.313, 0.107); Drone position: (0.209, 1.226, 0.081)

57142627 Setpoint: (0.218, 1.322, 0.107); Drone position: (0.211, 1.233, 0.080)

57142707 Setpoint: (0.222, 1.329, 0.107); Drone position: (0.213, 1.241, 0.080)

57142819 Setpoint: (0.227, 1.339, 0.107); Drone position: (0.215, 1.248, 0.080)

57142908 Setpoint: (0.231, 1.347, 0.107); Drone position: (0.217, 1.256, 0.080)

57143021 Setpoint: (0.237, 1.357, 0.106); Drone position: (0.219, 1.264, 0.081)

57143111 Setpoint: (0.241, 1.365, 0.106); Drone position: (0.220, 1.272, 0.082)

57143221 Setpoint: (0.247, 1.374, 0.106); Drone position: (0.222, 1.281, 0.084)

57143311 Setpoint: (0.252, 1.382, 0.106); Drone position: (0.224, 1.289, 0.086)

57143423 Setpoint: (0.257, 1.392, 0.106); Drone position: (0.227, 1.298, 0.087)

57143526 Setpoint: (0.263, 1.401, 0.106); Drone position: (0.229, 1.306, 0.089)

57143624 Setpoint: (0.267, 1.410, 0.106); Drone position: (0.232, 1.315, 0.091)

57143712 Setpoint: (0.272, 1.418, 0.106); Drone position: (0.234, 1.323, 0.093)

57143825 Setpoint: (0.278, 1.428, 0.106); Drone position: (0.237, 1.332, 0.095)

57143914 Setpoint: (0.282, 1.436, 0.106); Drone position: (0.241, 1.340, 0.097)

57144026 Setpoint: (0.288, 1.445, 0.106); Drone position: (0.245, 1.349, 0.100)

57144115 Setpoint: (0.292, 1.454, 0.106); Drone position: (0.250, 1.358, 0.103)

57144227 Setpoint: (0.298, 1.463, 0.106); Drone position: (0.255, 1.367, 0.105)

57144325 Setpoint: (0.303, 1.472, 0.106); Drone position: (0.261, 1.376, 0.107)

57144416 Setpoint: (0.307, 1.480, 0.106); Drone position: (0.267, 1.385, 0.108)

57144517 Setpoint: (0.311, 1.489, 0.106); Drone position: (0.274, 1.394, 0.109)

57144628 Setpoint: (0.316, 1.498, 0.106); Drone position: (0.283, 1.406, 0.109)

57144718 Setpoint: (0.316, 1.505, 0.106); Drone position: (0.287, 1.413, 0.110)

57144809 Setpoint: (0.316, 1.513, 0.106); Drone position: (0.294, 1.422, 0.110)

57144919 Setpoint: (0.316, 1.521, 0.106); Drone position: (0.300, 1.431, 0.110)

57145009 Setpoint: (0.316, 1.527, 0.106); Drone position: (0.307, 1.441, 0.110)

57145119 Setpoint: (0.316, 1.534, 0.106); Drone position: (0.313, 1.450, 0.110)

57145227 Setpoint: (0.316, 1.541, 0.106); Drone position: (0.319, 1.459, 0.109)

57145317 Setpoint: (0.316, 1.546, 0.106); Drone position: (0.325, 1.468, 0.109)

57145410 Setpoint: (0.316, 1.550, 0.106); Drone position: (0.331, 1.477, 0.109)

57145524 Setpoint: (0.316, 1.555, 0.106); Drone position: (0.336, 1.485, 0.109)

57145611 Setpoint: (0.316, 1.559, 0.106); Drone position: (0.342, 1.493, 0.110)

57145723 Setpoint: (0.316, 1.564, 0.106); Drone position: (0.346, 1.501, 0.111)

57145814 Setpoint: (0.316, 1.567, 0.106); Drone position: (0.351, 1.508, 0.112)

57145925 Setpoint: (0.316, 1.568, 0.106); Drone position: (0.354, 1.515, 0.114)

57146014 Setpoint: (0.316, 1.568, 0.106); Drone position: (0.357, 1.521, 0.115)

57146125 Setpoint: (0.316, 1.568, 0.106); Drone position: (0.360, 1.528, 0.116)

57146213 Setpoint: (0.316, 1.568, 0.106); Drone position: (0.361, 1.533, 0.117)

57146320 Setpoint: (0.316, 1.568, 0.107); Drone position: (0.363, 1.538, 0.118)

57146426 Setpoint: (0.316, 1.568, 0.112); Drone position: (0.364, 1.542, 0.118)

57146517 Setpoint: (0.316, 1.568, 0.118); Drone position: (0.365, 1.546, 0.119)

57146629 Setpoint: (0.316, 1.568, 0.124); Drone position: (0.365, 1.549, 0.119)

57146717 Setpoint: (0.316, 1.568, 0.130); Drone position: (0.366, 1.552, 0.120)

57146806 Setpoint: (0.316, 1.568, 0.136); Drone position: (0.365, 1.555, 0.121)

57146921 Setpoint: (0.316, 1.568, 0.144); Drone position: (0.364, 1.557, 0.122)

57147008 Setpoint: (0.316, 1.571, 0.150); Drone position: (0.363, 1.559, 0.122)

57147120 Setpoint: (0.316, 1.575, 0.158); Drone position: (0.362, 1.560, 0.123)

57147209 Setpoint: (0.316, 1.579, 0.165); Drone position: (0.360, 1.562, 0.123)

57147320 Setpoint: (0.316, 1.580, 0.173); Drone position: (0.357, 1.563, 0.124)

57147414 Setpoint: (0.316, 1.580, 0.180); Drone position: (0.355, 1.564, 0.125)

57147520 Setpoint: (0.316, 1.580, 0.188); Drone position: (0.351, 1.565, 0.126)

57147611 Setpoint: (0.316, 1.580, 0.195); Drone position: (0.347, 1.566, 0.127)

57147729 Setpoint: (0.316, 1.580, 0.205); Drone position: (0.341, 1.566, 0.128)

57147817 Setpoint: (0.316, 1.580, 0.211); Drone position: (0.338, 1.566, 0.129)

57147924 Setpoint: (0.316, 1.580, 0.220); Drone position: (0.332, 1.567, 0.130)

57148014 Setpoint: (0.316, 1.580, 0.227); Drone position: (0.326, 1.567, 0.132)

57148125 Setpoint: (0.316, 1.581, 0.236); Drone position: (0.320, 1.567, 0.135)

57148214 Setpoint: (0.316, 1.582, 0.243); Drone position: (0.315, 1.568, 0.138)

57148326 Setpoint: (0.320, 1.587, 0.252); Drone position: (0.309, 1.568, 0.143)

57148416 Setpoint: (0.323, 1.590, 0.260); Drone position: (0.303, 1.568, 0.148)

57148531 Setpoint: (0.328, 1.595, 0.269); Drone position: (0.298, 1.569, 0.154)

57148613 Setpoint: (0.332, 1.598, 0.276); Drone position: (0.293, 1.570, 0.160)

57148711 Setpoint: (0.336, 1.602, 0.284); Drone position: (0.289, 1.572, 0.167)

57148829 Setpoint: (0.341, 1.607, 0.294); Drone position: (0.284, 1.575, 0.177)

57148917 Setpoint: (0.344, 1.609, 0.301); Drone position: (0.282, 1.577, 0.183)

57149006 Setpoint: (0.347, 1.609, 0.309); Drone position: (0.280, 1.579, 0.192)

57149118 Setpoint: (0.352, 1.609, 0.318); Drone position: (0.278, 1.582, 0.201)

57149209 Setpoint: (0.355, 1.609, 0.326); Drone position: (0.277, 1.584, 0.212)

57149320 Setpoint: (0.360, 1.609, 0.335); Drone position: (0.276, 1.586, 0.222)

57149409 Setpoint: (0.363, 1.609, 0.343); Drone position: (0.277, 1.589, 0.233)

57149521 Setpoint: (0.367, 1.609, 0.352); Drone position: (0.278, 1.591, 0.245)

57149610 Setpoint: (0.371, 1.609, 0.359); Drone position: (0.279, 1.593, 0.257)

57149723 Setpoint: (0.376, 1.609, 0.369); Drone position: (0.281, 1.595, 0.268)

57149812 Setpoint: (0.380, 1.611, 0.377); Drone position: (0.284, 1.597, 0.280)

57149923 Setpoint: (0.386, 1.616, 0.386); Drone position: (0.287, 1.599, 0.292)

57150013 Setpoint: (0.391, 1.620, 0.394); Drone position: (0.291, 1.601, 0.303)

57150124 Setpoint: (0.398, 1.625, 0.404); Drone position: (0.296, 1.602, 0.313)

57150215 Setpoint: (0.404, 1.630, 0.412); Drone position: (0.301, 1.603, 0.323)

57150325 Setpoint: (0.411, 1.635, 0.422); Drone position: (0.306, 1.605, 0.333)

57150414 Setpoint: (0.417, 1.640, 0.430); Drone position: (0.313, 1.607, 0.343)

57150528 Setpoint: (0.425, 1.646, 0.440); Drone position: (0.319, 1.609, 0.352)

57150617 Setpoint: (0.431, 1.651, 0.449); Drone position: (0.326, 1.611, 0.360)

57150727 Setpoint: (0.438, 1.657, 0.459); Drone position: (0.333, 1.614, 0.368)

57150817 Setpoint: (0.444, 1.662, 0.467); Drone position: (0.341, 1.617, 0.376)

57150929 Setpoint: (0.451, 1.667, 0.477); Drone position: (0.350, 1.621, 0.387)

57151017 Setpoint: (0.456, 1.671, 0.485); Drone position: (0.356, 1.624, 0.393)

57151112 Setpoint: (0.462, 1.674, 0.493); Drone position: (0.364, 1.628, 0.401)

57151221 Setpoint: (0.465, 1.674, 0.502); Drone position: (0.371, 1.632, 0.409)

57151308 Setpoint: (0.465, 1.674, 0.508); Drone position: (0.379, 1.636, 0.416)

57151419 Setpoint: (0.465, 1.674, 0.516); Drone position: (0.387, 1.640, 0.424)

57151510 Setpoint: (0.464, 1.673, 0.522); Drone position: (0.395, 1.644, 0.431)

57151621 Setpoint: (0.459, 1.669, 0.529); Drone position: (0.402, 1.647, 0.438)

57151711 Setpoint: (0.455, 1.665, 0.533); Drone position: (0.409, 1.651, 0.446)

57151816 Setpoint: (0.452, 1.661, 0.533); Drone position: (0.416, 1.654, 0.454)

57151912 Setpoint: (0.447, 1.656, 0.531); Drone position: (0.422, 1.657, 0.462)

57152023 Setpoint: (0.444, 1.652, 0.525); Drone position: (0.427, 1.660, 0.470)

57152113 Setpoint: (0.444, 1.648, 0.520); Drone position: (0.432, 1.661, 0.478)

57152214 Setpoint: (0.444, 1.643, 0.513); Drone position: (0.437, 1.662, 0.486)

57152320 Setpoint: (0.444, 1.639, 0.507); Drone position: (0.441, 1.663, 0.492)

57152432 Setpoint: (0.444, 1.634, 0.499); Drone position: (0.446, 1.663, 0.500)

57152527 Setpoint: (0.444, 1.629, 0.492); Drone position: (0.449, 1.662, 0.503)

57152615 Setpoint: (0.444, 1.624, 0.485); Drone position: (0.452, 1.662, 0.508)

57152715 Setpoint: (0.444, 1.619, 0.478); Drone position: (0.455, 1.661, 0.511)

57152815 Setpoint: (0.444, 1.615, 0.470); Drone position: (0.457, 1.659, 0.513)

57152916 Setpoint: (0.444, 1.610, 0.463); Drone position: (0.459, 1.658, 0.514)

57153016 Setpoint: (0.444, 1.605, 0.455); Drone position: (0.460, 1.656, 0.514)

57153117 Setpoint: (0.444, 1.600, 0.447); Drone position: (0.460, 1.654, 0.514)

57153217 Setpoint: (0.444, 1.595, 0.440); Drone position: (0.461, 1.651, 0.512)

57153318 Setpoint: (0.444, 1.590, 0.432); Drone position: (0.460, 1.648, 0.510)

57153409 Setpoint: (0.444, 1.585, 0.425); Drone position: (0.460, 1.644, 0.507)

57153517 Setpoint: (0.444, 1.579, 0.417); Drone position: (0.460, 1.639, 0.503)

57153609 Setpoint: (0.444, 1.575, 0.410); Drone position: (0.460, 1.635, 0.498)

57153721 Setpoint: (0.444, 1.569, 0.401); Drone position: (0.460, 1.630, 0.493)

57153812 Setpoint: (0.444, 1.565, 0.394); Drone position: (0.459, 1.625, 0.487)

57153922 Setpoint: (0.448, 1.559, 0.385); Drone position: (0.458, 1.620, 0.480)

57154012 Setpoint: (0.452, 1.555, 0.378); Drone position: (0.457, 1.614, 0.473)

57154124 Setpoint: (0.457, 1.549, 0.369); Drone position: (0.456, 1.609, 0.466)

57154213 Setpoint: (0.462, 1.544, 0.362); Drone position: (0.455, 1.603, 0.459)

57154301 Setpoint: (0.466, 1.540, 0.354); Drone position: (0.455, 1.598, 0.451)

57154416 Setpoint: (0.472, 1.534, 0.345); Drone position: (0.454, 1.592, 0.443)

57154527 Setpoint: (0.477, 1.528, 0.336); Drone position: (0.454, 1.586, 0.435)

57154616 Setpoint: (0.481, 1.523, 0.329); Drone position: (0.454, 1.580, 0.426)

57154726 Setpoint: (0.486, 1.518, 0.320); Drone position: (0.455, 1.575, 0.417)

57154816 Setpoint: (0.486, 1.513, 0.312); Drone position: (0.455, 1.570, 0.407)

57154929 Setpoint: (0.486, 1.508, 0.303); Drone position: (0.456, 1.565, 0.398)

57155016 Setpoint: (0.486, 1.505, 0.296); Drone position: (0.457, 1.560, 0.388)

57155124 Setpoint: (0.488, 1.500, 0.287); Drone position: (0.458, 1.555, 0.378)

57155222 Setpoint: (0.492, 1.496, 0.279); Drone position: (0.459, 1.551, 0.368)

57155310 Setpoint: (0.496, 1.493, 0.272); Drone position: (0.460, 1.546, 0.358)

57155419 Setpoint: (0.501, 1.488, 0.263); Drone position: (0.461, 1.541, 0.348)

57155509 Setpoint: (0.506, 1.485, 0.255); Drone position: (0.462, 1.536, 0.339)

57155619 Setpoint: (0.512, 1.480, 0.246); Drone position: (0.464, 1.531, 0.329)

57155709 Setpoint: (0.517, 1.476, 0.239); Drone position: (0.466, 1.526, 0.320)

57155821 Setpoint: (0.522, 1.472, 0.229); Drone position: (0.468, 1.521, 0.310)

57155913 Setpoint: (0.527, 1.468, 0.221); Drone position: (0.471, 1.516, 0.301)

57156022 Setpoint: (0.532, 1.463, 0.212); Drone position: (0.474, 1.511, 0.292)

57156119 Setpoint: (0.537, 1.458, 0.204); Drone position: (0.478, 1.506, 0.283)

57156214 Setpoint: (0.540, 1.454, 0.196); Drone position: (0.482, 1.501, 0.275)

57156314 Setpoint: (0.540, 1.450, 0.188); Drone position: (0.486, 1.497, 0.267)

57156424 Setpoint: (0.540, 1.446, 0.178); Drone position: (0.491, 1.492, 0.259)

57156515 Setpoint: (0.540, 1.446, 0.171); Drone position: (0.497, 1.487, 0.251)

57156624 Setpoint: (0.540, 1.446, 0.162); Drone position: (0.503, 1.483, 0.244)

57156713 Setpoint: (0.540, 1.443, 0.156); Drone position: (0.509, 1.479, 0.237)

57156826 Setpoint: (0.540, 1.438, 0.145); Drone position: (0.515, 1.476, 0.230)

57156915 Setpoint: (0.540, 1.435, 0.137); Drone position: (0.521, 1.472, 0.223)

57157028 Setpoint: (0.540, 1.430, 0.128); Drone position: (0.526, 1.469, 0.216)

57157117 Setpoint: (0.540, 1.426, 0.120); Drone position: (0.531, 1.466, 0.209)

57157228 Setpoint: (0.540, 1.421, 0.111); Drone position: (0.536, 1.462, 0.201)

57157318 Setpoint: (0.540, 1.418, 0.104); Drone position: (0.540, 1.459, 0.194)

57157408 Setpoint: (0.540, 1.414, 0.096); Drone position: (0.544, 1.456, 0.186)

57157519 Setpoint: (0.540, 1.409, 0.087); Drone position: (0.547, 1.452, 0.178)

57157615 Setpoint: (0.540, 1.405, 0.078); Drone position: (0.549, 1.449, 0.170)

57157728 Setpoint: (0.540, 1.400, 0.069); Drone position: (0.551, 1.445, 0.163)

57157810 Setpoint: (0.540, 1.397, 0.062); Drone position: (0.553, 1.442, 0.155)

57157921 Setpoint: (0.540, 1.392, 0.053); Drone position: (0.554, 1.438, 0.148)

57158010 Setpoint: (0.540, 1.388, 0.045); Drone position: (0.555, 1.434, 0.140)

57158122 Setpoint: (0.540, 1.383, 0.036); Drone position: (0.556, 1.430, 0.132)

57158213 Setpoint: (0.540, 1.379, 0.028); Drone position: (0.557, 1.426, 0.124)

57158323 Setpoint: (0.540, 1.375, 0.019); Drone position: (0.557, 1.422, 0.116)

57158414 Setpoint: (0.540, 1.371, 0.011); Drone position: (0.558, 1.418, 0.107)

57158525 Setpoint: (0.540, 1.366, 0.002); Drone position: (0.558, 1.414, 0.099)

57158617 Setpoint: (0.540, 1.361, -0.006); Drone position: (0.557, 1.409, 0.091)

57158717 Setpoint: (0.540, 1.357, -0.015); Drone position: (0.556, 1.405, 0.083)

57158806 Setpoint: (0.540, 1.353, -0.022); Drone position: (0.555, 1.401, 0.075)

57158905 Setpoint: (0.540, 1.349, -0.030); Drone position: (0.553, 1.396, 0.067)

57159006 Setpoint: (0.540, 1.345, -0.039); Drone position: (0.551, 1.391, 0.059)

57159107 Setpoint: (0.540, 1.341, -0.047); Drone position: (0.549, 1.386, 0.050)

57159206 Setpoint: (0.540, 1.336, -0.056); Drone position: (0.546, 1.381, 0.042)

57159306 Setpoint: (0.540, 1.332, -0.064); Drone position: (0.543, 1.377, 0.033)

57159406 Setpoint: (0.540, 1.328, -0.073); Drone position: (0.541, 1.372, 0.025)

57159509 Setpoint: (0.540, 1.323, -0.081); Drone position: (0.538, 1.366, 0.016)

57159608 Setpoint: (0.540, 1.319, -0.090); Drone position: (0.536, 1.361, 0.007)

57159718 Setpoint: (0.540, 1.315, -0.099); Drone position: (0.533, 1.356, -0.002)

57159811 Setpoint: (0.540, 1.311, -0.107); Drone position: (0.531, 1.351, -0.011)

57159920 Setpoint: (0.540, 1.306, -0.116); Drone position: (0.529, 1.346, -0.019)

57160011 Setpoint: (0.540, 1.302, -0.124); Drone position: (0.527, 1.341, -0.027)

57160121 Setpoint: (0.540, 1.297, -0.133); Drone position: (0.525, 1.337, -0.036)

57160211 Setpoint: (0.540, 1.293, -0.141); Drone position: (0.523, 1.332, -0.044)

57160325 Setpoint: (0.540, 1.288, -0.151); Drone position: (0.522, 1.328, -0.052)

57160414 Setpoint: (0.540, 1.284, -0.158); Drone position: (0.521, 1.324, -0.061)

57160523 Setpoint: (0.540, 1.279, -0.167); Drone position: (0.520, 1.320, -0.070)

57160614 Setpoint: (0.540, 1.275, -0.175); Drone position: (0.520, 1.316, -0.079)

57160726 Setpoint: (0.540, 1.270, -0.183); Drone position: (0.519, 1.312, -0.088)

57160814 Setpoint: (0.540, 1.267, -0.190); Drone position: (0.518, 1.308, -0.097)

57160929 Setpoint: (0.540, 1.262, -0.198); Drone position: (0.518, 1.304, -0.106)

57161015 Setpoint: (0.540, 1.258, -0.202); Drone position: (0.517, 1.300, -0.115)

57161127 Setpoint: (0.540, 1.254, -0.205); Drone position: (0.516, 1.296, -0.123)

57161216 Setpoint: (0.540, 1.250, -0.205); Drone position: (0.515, 1.292, -0.131)

57161328 Setpoint: (0.540, 1.244, -0.205); Drone position: (0.515, 1.287, -0.139)

57161428 Setpoint: (0.540, 1.239, -0.205); Drone position: (0.514, 1.283, -0.147)

57161529 Setpoint: (0.540, 1.235, -0.205); Drone position: (0.513, 1.278, -0.155)

57161619 Setpoint: (0.540, 1.230, -0.205); Drone position: (0.513, 1.274, -0.162)

57161708 Setpoint: (0.540, 1.227, -0.205); Drone position: (0.514, 1.270, -0.168)

57161820 Setpoint: (0.540, 1.227, -0.205); Drone position: (0.514, 1.265, -0.174)

57161911 Setpoint: (0.540, 1.229, -0.205); Drone position: (0.515, 1.261, -0.178)

57162020 Setpoint: (0.540, 1.235, -0.205); Drone position: (0.516, 1.257, -0.183)

57162111 Setpoint: (0.540, 1.240, -0.205); Drone position: (0.517, 1.253, -0.187)

57162221 Setpoint: (0.540, 1.247, -0.205); Drone position: (0.519, 1.250, -0.190)

57162311 Setpoint: (0.540, 1.252, -0.205); Drone position: (0.521, 1.247, -0.193)

57162423 Setpoint: (0.540, 1.260, -0.205); Drone position: (0.523, 1.245, -0.196)

57162513 Setpoint: (0.540, 1.266, -0.205); Drone position: (0.526, 1.244, -0.198)

57162624 Setpoint: (0.540, 1.274, -0.205); Drone position: (0.529, 1.244, -0.200)

57162713 Setpoint: (0.542, 1.280, -0.205); Drone position: (0.531, 1.244, -0.201)

57162826 Setpoint: (0.546, 1.288, -0.205); Drone position: (0.534, 1.246, -0.201)

57162915 Setpoint: (0.550, 1.295, -0.206); Drone position: (0.536, 1.248, -0.200)

57163016 Setpoint: (0.554, 1.302, -0.210); Drone position: (0.539, 1.250, -0.200)

57163126 Setpoint: (0.559, 1.311, -0.215); Drone position: (0.541, 1.253, -0.200)

57163215 Setpoint: (0.563, 1.318, -0.219); Drone position: (0.544, 1.257, -0.200)

57163327 Setpoint: (0.567, 1.326, -0.224); Drone position: (0.547, 1.261, -0.199)

57163417 Setpoint: (0.571, 1.333, -0.229); Drone position: (0.550, 1.266, -0.199)

57163528 Setpoint: (0.576, 1.342, -0.234); Drone position: (0.553, 1.271, -0.199)

57163618 Setpoint: (0.580, 1.349, -0.238); Drone position: (0.556, 1.276, -0.198)

57163717 Setpoint: (0.584, 1.357, -0.243); Drone position: (0.560, 1.283, -0.197)

57163820 Setpoint: (0.588, 1.365, -0.248); Drone position: (0.563, 1.289, -0.196)

57163909 Setpoint: (0.590, 1.372, -0.252); Drone position: (0.566, 1.297, -0.195)

57164019 Setpoint: (0.590, 1.381, -0.257); Drone position: (0.570, 1.304, -0.195)

57164110 Setpoint: (0.591, 1.388, -0.262); Drone position: (0.573, 1.312, -0.195)

57164221 Setpoint: (0.591, 1.397, -0.266); Drone position: (0.577, 1.320, -0.195)

57164311 Setpoint: (0.591, 1.404, -0.270); Drone position: (0.580, 1.328, -0.195)

57164421 Setpoint: (0.591, 1.413, -0.272); Drone position: (0.583, 1.337, -0.196)

57164512 Setpoint: (0.591, 1.421, -0.272); Drone position: (0.586, 1.345, -0.197)

57164623 Setpoint: (0.591, 1.430, -0.272); Drone position: (0.588, 1.353, -0.198)

57164713 Setpoint: (0.591, 1.437, -0.272); Drone position: (0.591, 1.361, -0.200)

57164824 Setpoint: (0.591, 1.446, -0.272); Drone position: (0.593, 1.368, -0.202)

57164914 Setpoint: (0.591, 1.454, -0.272); Drone position: (0.595, 1.376, -0.204)

57165021 Setpoint: (0.591, 1.462, -0.272); Drone position: (0.598, 1.384, -0.206)

57165114 Setpoint: (0.593, 1.470, -0.272); Drone position: (0.599, 1.392, -0.209)

57165226 Setpoint: (0.598, 1.479, -0.272); Drone position: (0.600, 1.400, -0.211)

57165315 Setpoint: (0.601, 1.486, -0.272); Drone position: (0.601, 1.408, -0.214)

57165429 Setpoint: (0.606, 1.496, -0.272); Drone position: (0.602, 1.416, -0.218)

57165516 Setpoint: (0.609, 1.503, -0.272); Drone position: (0.602, 1.424, -0.222)

57165628 Setpoint: (0.614, 1.512, -0.272); Drone position: (0.603, 1.432, -0.226)

57165718 Setpoint: (0.618, 1.520, -0.272); Drone position: (0.604, 1.439, -0.231)

57165829 Setpoint: (0.622, 1.529, -0.272); Drone position: (0.604, 1.447, -0.237)

57165917 Setpoint: (0.626, 1.536, -0.272); Drone position: (0.605, 1.456, -0.242)

57166024 Setpoint: (0.631, 1.545, -0.272); Drone position: (0.605, 1.464, -0.248)

57166118 Setpoint: (0.635, 1.553, -0.272); Drone position: (0.605, 1.472, -0.254)

57166221 Setpoint: (0.639, 1.561, -0.272); Drone position: (0.606, 1.480, -0.259)

57166309 Setpoint: (0.642, 1.568, -0.272); Drone position: (0.607, 1.488, -0.263)

57166422 Setpoint: (0.647, 1.577, -0.272); Drone position: (0.608, 1.497, -0.267)

57166512 Setpoint: (0.651, 1.584, -0.272); Drone position: (0.609, 1.505, -0.271)

57166622 Setpoint: (0.655, 1.592, -0.272); Drone position: (0.611, 1.513, -0.274)

57166713 Setpoint: (0.659, 1.598, -0.272); Drone position: (0.612, 1.521, -0.278)

57166825 Setpoint: (0.661, 1.605, -0.272); Drone position: (0.613, 1.523, -0.279)

57166914 Setpoint: (0.661, 1.610, -0.272); Drone position: (0.616, 1.536, -0.285)

57167026 Setpoint: (0.662, 1.615, -0.272); Drone position: (0.616, 1.539, -0.286)

57167127 Setpoint: (0.662, 1.616, -0.272); Drone position: (0.618, 1.552, -0.291)

57167214 Setpoint: (0.662, 1.616, -0.272); Drone position: (0.619, 1.554, -0.292)

57167327 Setpoint: (0.662, 1.613, -0.272); Drone position: (0.620, 1.561, -0.294)

57167416 Setpoint: (0.661, 1.609, -0.272); Drone position: (0.622, 1.573, -0.298)

57167528 Setpoint: (0.661, 1.603, -0.272); Drone position: (0.624, 1.580, -0.300)

57167617 Setpoint: (0.661, 1.597, -0.272); Drone position: (0.625, 1.584, -0.301)

57167706 Setpoint: (0.661, 1.592, -0.272); Drone position: (0.628, 1.591, -0.303)

57167818 Setpoint: (0.661, 1.584, -0.272); Drone position: (0.629, 1.593, -0.305)

57167907 Setpoint: (0.661, 1.578, -0.272); Drone position: (0.629, 1.593, -0.305)

57168021 Setpoint: (0.661, 1.570, -0.272); Drone position: (0.633, 1.599, -0.308)

57168121 Setpoint: (0.661, 1.563, -0.272); Drone position: (0.636, 1.601, -0.309)

57168229 Setpoint: (0.661, 1.555, -0.272); Drone position: (0.639, 1.601, -0.309)

57168311 Setpoint: (0.661, 1.549, -0.272); Drone position: (0.642, 1.600, -0.309)

57168422 Setpoint: (0.661, 1.540, -0.272); Drone position: (0.644, 1.598, -0.309)

57168513 Setpoint: (0.661, 1.533, -0.272); Drone position: (0.647, 1.595, -0.308)

57168622 Setpoint: (0.661, 1.525, -0.272); Drone position: (0.649, 1.592, -0.308)

57168707 Setpoint: (0.661, 1.519, -0.272); Drone position: (0.650, 1.588, -0.307)

57168812 Setpoint: (0.661, 1.510, -0.272); Drone position: (0.652, 1.584, -0.306)

57168916 Setpoint: (0.661, 1.502, -0.272); Drone position: (0.654, 1.579, -0.305)

57169012 Setpoint: (0.661, 1.494, -0.271); Drone position: (0.656, 1.574, -0.305)

57169114 Setpoint: (0.661, 1.486, -0.268); Drone position: (0.657, 1.569, -0.305)

57169214 Setpoint: (0.661, 1.479, -0.264); Drone position: (0.659, 1.562, -0.305)

57169316 Setpoint: (0.661, 1.471, -0.260); Drone position: (0.661, 1.555, -0.306)

57169415 Setpoint: (0.661, 1.463, -0.256); Drone position: (0.662, 1.548, -0.306)

57169516 Setpoint: (0.661, 1.455, -0.252); Drone position: (0.664, 1.541, -0.306)

57169628 Setpoint: (0.660, 1.446, -0.248); Drone position: (0.666, 1.533, -0.307)

57169718 Setpoint: (0.660, 1.439, -0.244); Drone position: (0.668, 1.525, -0.306)

57169829 Setpoint: (0.660, 1.430, -0.240); Drone position: (0.670, 1.517, -0.306)

57169917 Setpoint: (0.660, 1.423, -0.236); Drone position: (0.672, 1.509, -0.305)

57170029 Setpoint: (0.660, 1.414, -0.232); Drone position: (0.674, 1.500, -0.304)

57170120 Setpoint: (0.660, 1.407, -0.228); Drone position: (0.675, 1.491, -0.302)

57170209 Setpoint: (0.660, 1.400, -0.228); Drone position: (0.677, 1.482, -0.299)

57170321 Setpoint: (0.660, 1.391, -0.228); Drone position: (0.678, 1.473, -0.295)

57170420 Setpoint: (0.658, 1.383, -0.228); Drone position: (0.679, 1.465, -0.292)

57170521 Setpoint: (0.653, 1.376, -0.228); Drone position: (0.680, 1.456, -0.288)

57170612 Setpoint: (0.648, 1.369, -0.228); Drone position: (0.681, 1.447, -0.284)

57170722 Setpoint: (0.641, 1.362, -0.228); Drone position: (0.682, 1.438, -0.279)

57170812 Setpoint: (0.635, 1.356, -0.228); Drone position: (0.682, 1.429, -0.275)

57170923 Setpoint: (0.628, 1.349, -0.227); Drone position: (0.683, 1.421, -0.272)

57171013 Setpoint: (0.621, 1.344, -0.223); Drone position: (0.684, 1.414, -0.268)

57171124 Setpoint: (0.614, 1.338, -0.218); Drone position: (0.684, 1.406, -0.265)

57171214 Setpoint: (0.607, 1.333, -0.214); Drone position: (0.683, 1.399, -0.261)

57171326 Setpoint: (0.599, 1.326, -0.209); Drone position: (0.683, 1.392, -0.258)

57171415 Setpoint: (0.593, 1.321, -0.205); Drone position: (0.681, 1.385, -0.255)

57171527 Setpoint: (0.585, 1.315, -0.200); Drone position: (0.680, 1.378, -0.252)

57171616 Setpoint: (0.579, 1.310, -0.196); Drone position: (0.678, 1.371, -0.248)

57171729 Setpoint: (0.571, 1.304, -0.191); Drone position: (0.676, 1.364, -0.244)

57171815 Setpoint: (0.565, 1.299, -0.187); Drone position: (0.674, 1.358, -0.241)

57171929 Setpoint: (0.556, 1.294, -0.182); Drone position: (0.671, 1.352, -0.237)

57172017 Setpoint: (0.550, 1.289, -0.178); Drone position: (0.668, 1.346, -0.235)

57172128 Setpoint: (0.542, 1.283, -0.173); Drone position: (0.664, 1.340, -0.232)

57172219 Setpoint: (0.535, 1.279, -0.168); Drone position: (0.659, 1.334, -0.230)

57172310 Setpoint: (0.529, 1.274, -0.164); Drone position: (0.654, 1.328, -0.228)

57172421 Setpoint: (0.521, 1.269, -0.159); Drone position: (0.648, 1.322, -0.225)

57172511 Setpoint: (0.514, 1.264, -0.155); Drone position: (0.642, 1.316, -0.222)

57172625 Setpoint: (0.506, 1.259, -0.149); Drone position: (0.635, 1.311, -0.218)

57172712 Setpoint: (0.500, 1.254, -0.145); Drone position: (0.627, 1.305, -0.215)

57172823 Setpoint: (0.491, 1.249, -0.140); Drone position: (0.619, 1.300, -0.211)

57172911 Setpoint: (0.485, 1.245, -0.136); Drone position: (0.609, 1.295, -0.207)

57173023 Setpoint: (0.477, 1.239, -0.131); Drone position: (0.599, 1.290, -0.204)

57173113 Setpoint: (0.470, 1.235, -0.127); Drone position: (0.588, 1.285, -0.200)

57173224 Setpoint: (0.462, 1.229, -0.122); Drone position: (0.576, 1.280, -0.195)

57173313 Setpoint: (0.456, 1.225, -0.118); Drone position: (0.564, 1.275, -0.190)

57173426 Setpoint: (0.448, 1.219, -0.113); Drone position: (0.552, 1.270, -0.184)

57173514 Setpoint: (0.442, 1.215, -0.109); Drone position: (0.540, 1.265, -0.178)

57173626 Setpoint: (0.434, 1.209, -0.104); Drone position: (0.527, 1.260, -0.172)

57173715 Setpoint: (0.427, 1.205, -0.100); Drone position: (0.514, 1.255, -0.165)

57173806 Setpoint: (0.421, 1.201, -0.096); Drone position: (0.501, 1.250, -0.158)

57173918 Setpoint: (0.413, 1.195, -0.091); Drone position: (0.488, 1.245, -0.151)

57174029 Setpoint: (0.404, 1.190, -0.086); Drone position: (0.474, 1.240, -0.145)

57174118 Setpoint: (0.398, 1.185, -0.082); Drone position: (0.462, 1.236, -0.138)

57174209 Setpoint: (0.392, 1.181, -0.078); Drone position: (0.449, 1.232, -0.131)

57174319 Setpoint: (0.384, 1.175, -0.073); Drone position: (0.438, 1.228, -0.124)

57174409 Setpoint: (0.377, 1.171, -0.069); Drone position: (0.427, 1.223, -0.118)

57174521 Setpoint: (0.369, 1.166, -0.067); Drone position: (0.417, 1.218, -0.112)

57174611 Setpoint: (0.363, 1.162, -0.067); Drone position: (0.406, 1.213, -0.105)

57174722 Setpoint: (0.355, 1.156, -0.067); Drone position: (0.396, 1.208, -0.100)

57174814 Setpoint: (0.349, 1.152, -0.067); Drone position: (0.386, 1.203, -0.094)

57174922 Setpoint: (0.341, 1.147, -0.067); Drone position: (0.377, 1.198, -0.088)

57175013 Setpoint: (0.334, 1.143, -0.067); Drone position: (0.368, 1.192, -0.083)

57175124 Setpoint: (0.327, 1.138, -0.067); Drone position: (0.359, 1.187, -0.078)

57175214 Setpoint: (0.320, 1.134, -0.067); Drone position: (0.351, 1.182, -0.073)

57175324 Setpoint: (0.313, 1.129, -0.069); Drone position: (0.344, 1.177, -0.069)

57175414 Setpoint: (0.306, 1.125, -0.072); Drone position: (0.337, 1.172, -0.066)

57175526 Setpoint: (0.299, 1.120, -0.077); Drone position: (0.331, 1.167, -0.063)

57175615 Setpoint: (0.293, 1.116, -0.082); Drone position: (0.325, 1.162, -0.060)

57175727 Setpoint: (0.285, 1.111, -0.087); Drone position: (0.320, 1.157, -0.057)

57175817 Setpoint: (0.279, 1.107, -0.092); Drone position: (0.315, 1.152, -0.055)

57175928 Setpoint: (0.271, 1.103, -0.098); Drone position: (0.311, 1.147, -0.054)

57176017 Setpoint: (0.265, 1.099, -0.102); Drone position: (0.306, 1.142, -0.053)

57176129 Setpoint: (0.257, 1.094, -0.108); Drone position: (0.302, 1.138, -0.053)

57176219 Setpoint: (0.251, 1.092, -0.113); Drone position: (0.297, 1.134, -0.054)

57176308 Setpoint: (0.245, 1.092, -0.117); Drone position: (0.292, 1.130, -0.056)

57176419 Setpoint: (0.237, 1.092, -0.123); Drone position: (0.287, 1.126, -0.058)

57176509 Setpoint: (0.231, 1.092, -0.127); Drone position: (0.282, 1.122, -0.060)

57176620 Setpoint: (0.224, 1.092, -0.132); Drone position: (0.276, 1.118, -0.064)

57176709 Setpoint: (0.217, 1.092, -0.136); Drone position: (0.270, 1.114, -0.067)

57176829 Setpoint: (0.209, 1.092, -0.142); Drone position: (0.265, 1.110, -0.072)

57176910 Setpoint: (0.203, 1.092, -0.145); Drone position: (0.260, 1.107, -0.076)

57177022 Setpoint: (0.195, 1.092, -0.150); Drone position: (0.254, 1.103, -0.081)

57177112 Setpoint: (0.189, 1.092, -0.154); Drone position: (0.250, 1.100, -0.087)

57177222 Setpoint: (0.181, 1.092, -0.158); Drone position: (0.245, 1.097, -0.093)

57177312 Setpoint: (0.174, 1.092, -0.158); Drone position: (0.240, 1.095, -0.099)

57177426 Setpoint: (0.166, 1.092, -0.158); Drone position: (0.235, 1.093, -0.106)

57177513 Setpoint: (0.160, 1.092, -0.158); Drone position: (0.230, 1.091, -0.112)

57177627 Setpoint: (0.152, 1.092, -0.158); Drone position: (0.225, 1.089, -0.118)

57177715 Setpoint: (0.146, 1.092, -0.158); Drone position: (0.219, 1.088, -0.124)

57177827 Setpoint: (0.137, 1.092, -0.158); Drone position: (0.213, 1.088, -0.130)

57177915 Setpoint: (0.131, 1.092, -0.158); Drone position: (0.208, 1.087, -0.135)

57178028 Setpoint: (0.123, 1.092, -0.158); Drone position: (0.202, 1.086, -0.141)

57178117 Setpoint: (0.117, 1.092, -0.158); Drone position: (0.196, 1.086, -0.147)

57178229 Setpoint: (0.108, 1.093, -0.158); Drone position: (0.190, 1.087, -0.152)

57178318 Setpoint: (0.102, 1.093, -0.158); Drone position: (0.184, 1.087, -0.157)

57178430 Setpoint: (0.094, 1.093, -0.158); Drone position: (0.178, 1.086, -0.162)

57178520 Setpoint: (0.088, 1.093, -0.158); Drone position: (0.172, 1.086, -0.166)

57178609 Setpoint: (0.081, 1.093, -0.158); Drone position: (0.165, 1.085, -0.169)

57178721 Setpoint: (0.073, 1.093, -0.158); Drone position: (0.159, 1.085, -0.173)

57178828 Setpoint: (0.065, 1.093, -0.158); Drone position: (0.152, 1.084, -0.176)

57178924 Setpoint: (0.059, 1.093, -0.158); Drone position: (0.145, 1.084, -0.179)

57179001 Setpoint: (0.053, 1.093, -0.158); Drone position: (0.140, 1.084, -0.180)

57179099 Setpoint: (0.046, 1.093, -0.159); Drone position: (0.133, 1.083, -0.182)

57179201 Setpoint: (0.039, 1.093, -0.159); Drone position: (0.126, 1.083, -0.183)

57179301 Setpoint: (0.032, 1.093, -0.159); Drone position: (0.119, 1.083, -0.184)

57179402 Setpoint: (0.024, 1.093, -0.159); Drone position: (0.112, 1.083, -0.184)

57179502 Setpoint: (0.017, 1.093, -0.159); Drone position: (0.103, 1.083, -0.184)

57179604 Setpoint: (0.010, 1.093, -0.159); Drone position: (0.096, 1.083, -0.183)

57179728 Setpoint: (0.001, 1.093, -0.153); Drone position: (0.090, 1.083, -0.183)

57179815 Setpoint: (-0.005, 1.093, -0.149); Drone position: (0.083, 1.083, -0.182)

57179928 Setpoint: (-0.013, 1.093, -0.143); Drone position: (0.076, 1.083, -0.182)

57180016 Setpoint: (-0.019, 1.093, -0.137); Drone position: (0.069, 1.084, -0.181)

57180127 Setpoint: (-0.026, 1.093, -0.130); Drone position: (0.062, 1.085, -0.181)

57180216 Setpoint: (-0.032, 1.093, -0.125); Drone position: (0.055, 1.086, -0.180)

57180329 Setpoint: (-0.040, 1.088, -0.117); Drone position: (0.047, 1.086, -0.179)

57180418 Setpoint: (-0.046, 1.085, -0.111); Drone position: (0.040, 1.087, -0.177)

57180529 Setpoint: (-0.053, 1.081, -0.103); Drone position: (0.032, 1.087, -0.175)

57180618 Setpoint: (-0.059, 1.077, -0.097); Drone position: (0.025, 1.087, -0.173)

57180709 Setpoint: (-0.065, 1.073, -0.090); Drone position: (0.017, 1.087, -0.169)

57180820 Setpoint: (-0.072, 1.069, -0.082); Drone position: (0.008, 1.087, -0.166)

57180911 Setpoint: (-0.078, 1.066, -0.075); Drone position: (0.000, 1.086, -0.161)

57181021 Setpoint: (-0.084, 1.061, -0.067); Drone position: (-0.007, 1.085, -0.157)

57181110 Setpoint: (-0.090, 1.058, -0.060); Drone position: (-0.014, 1.084, -0.152)

57181223 Setpoint: (-0.097, 1.054, -0.051); Drone position: (-0.020, 1.083, -0.146)

57181313 Setpoint: (-0.102, 1.050, -0.044); Drone position: (-0.027, 1.082, -0.140)

57181422 Setpoint: (-0.109, 1.049, -0.036); Drone position: (-0.033, 1.081, -0.134)

57181512 Setpoint: (-0.114, 1.049, -0.029); Drone position: (-0.040, 1.080, -0.127)

57181625 Setpoint: (-0.121, 1.049, -0.020); Drone position: (-0.046, 1.078, -0.119)

57181713 Setpoint: (-0.126, 1.049, -0.013); Drone position: (-0.053, 1.076, -0.111)

57181828 Setpoint: (-0.133, 1.049, -0.004); Drone position: (-0.060, 1.075, -0.103)

57181924 Setpoint: (-0.138, 1.049, 0.004); Drone position: (-0.067, 1.072, -0.094)

57182028 Setpoint: (-0.144, 1.049, 0.012); Drone position: (-0.074, 1.070, -0.085)

57182116 Setpoint: (-0.149, 1.049, 0.019); Drone position: (-0.080, 1.069, -0.075)

57182229 Setpoint: (-0.155, 1.049, 0.028); Drone position: (-0.085, 1.067, -0.065)

57182317 Setpoint: (-0.160, 1.049, 0.035); Drone position: (-0.090, 1.065, -0.055)

57182428 Setpoint: (-0.166, 1.049, 0.044); Drone position: (-0.095, 1.063, -0.045)

57182518 Setpoint: (-0.171, 1.049, 0.052); Drone position: (-0.100, 1.062, -0.035)

57182619 Setpoint: (-0.176, 1.049, 0.060); Drone position: (-0.106, 1.061, -0.025)

57182717 Setpoint: (-0.181, 1.049, 0.067); Drone position: (-0.111, 1.060, -0.014)

57182820 Setpoint: (-0.187, 1.049, 0.076); Drone position: (-0.117, 1.059, -0.004)

57182911 Setpoint: (-0.192, 1.050, 0.083); Drone position: (-0.122, 1.058, 0.006)

57183013 Setpoint: (-0.197, 1.047, 0.092); Drone position: (-0.128, 1.057, 0.016)

57183109 Setpoint: (-0.203, 1.043, 0.099); Drone position: (-0.134, 1.056, 0.025)

57183209 Setpoint: (-0.208, 1.039, 0.108); Drone position: (-0.139, 1.055, 0.034)

57183311 Setpoint: (-0.213, 1.035, 0.116); Drone position: (-0.144, 1.054, 0.043)

57183411 Setpoint: (-0.218, 1.031, 0.124); Drone position: (-0.150, 1.054, 0.052)

57183510 Setpoint: (-0.224, 1.027, 0.132); Drone position: (-0.155, 1.053, 0.061)

57183611 Setpoint: (-0.229, 1.023, 0.140); Drone position: (-0.160, 1.052, 0.069)

57183724 Setpoint: (-0.235, 1.018, 0.150); Drone position: (-0.164, 1.051, 0.076)

57183815 Setpoint: (-0.239, 1.014, 0.157); Drone position: (-0.169, 1.049, 0.084)

57183924 Setpoint: (-0.245, 1.010, 0.166); Drone position: (-0.175, 1.047, 0.092)

57184014 Setpoint: (-0.249, 1.006, 0.173); Drone position: (-0.181, 1.045, 0.099)

57184126 Setpoint: (-0.255, 1.001, 0.182); Drone position: (-0.187, 1.043, 0.107)

57184216 Setpoint: (-0.259, 0.997, 0.190); Drone position: (-0.194, 1.040, 0.115)

57184330 Setpoint: (-0.265, 0.992, 0.199); Drone position: (-0.202, 1.037, 0.123)

57184417 Setpoint: (-0.270, 0.988, 0.206); Drone position: (-0.209, 1.034, 0.130)

57184529 Setpoint: (-0.276, 0.982, 0.214); Drone position: (-0.217, 1.030, 0.138)

57184618 Setpoint: (-0.281, 0.978, 0.221); Drone position: (-0.225, 1.027, 0.145)

57184729 Setpoint: (-0.288, 0.971, 0.229); Drone position: (-0.233, 1.023, 0.153)

57184818 Setpoint: (-0.292, 0.966, 0.235); Drone position: (-0.241, 1.019, 0.160)

57184930 Setpoint: (-0.298, 0.958, 0.241); Drone position: (-0.249, 1.014, 0.168)

57185029 Setpoint: (-0.302, 0.951, 0.247); Drone position: (-0.257, 1.010, 0.176)

57185109 Setpoint: (-0.305, 0.944, 0.252); Drone position: (-0.265, 1.005, 0.184)

57185220 Setpoint: (-0.305, 0.936, 0.258); Drone position: (-0.272, 1.000, 0.192)

57185311 Setpoint: (-0.305, 0.928, 0.263); Drone position: (-0.280, 0.995, 0.199)

57185422 Setpoint: (-0.305, 0.919, 0.269); Drone position: (-0.288, 0.989, 0.206)

57185511 Setpoint: (-0.305, 0.912, 0.274); Drone position: (-0.295, 0.983, 0.213)

57185624 Setpoint: (-0.305, 0.903, 0.279); Drone position: (-0.302, 0.977, 0.220)

57185714 Setpoint: (-0.305, 0.896, 0.284); Drone position: (-0.308, 0.970, 0.226)

57185820 Setpoint: (-0.305, 0.888, 0.288); Drone position: (-0.314, 0.964, 0.232)

57185928 Setpoint: (-0.305, 0.881, 0.289); Drone position: (-0.320, 0.957, 0.238)

57186028 Setpoint: (-0.305, 0.878, 0.289); Drone position: (-0.326, 0.950, 0.243)

57186114 Setpoint: (-0.301, 0.878, 0.289); Drone position: (-0.330, 0.943, 0.248)

57186226 Setpoint: (-0.296, 0.879, 0.289); Drone position: (-0.334, 0.936, 0.253)

57186314 Setpoint: (-0.291, 0.883, 0.289); Drone position: (-0.337, 0.930, 0.257)

57186428 Setpoint: (-0.286, 0.888, 0.289); Drone position: (-0.339, 0.923, 0.262)

57186516 Setpoint: (-0.281, 0.893, 0.289); Drone position: (-0.341, 0.917, 0.266)

57186627 Setpoint: (-0.275, 0.900, 0.289); Drone position: (-0.342, 0.912, 0.270)

57186717 Setpoint: (-0.270, 0.906, 0.289); Drone position: (-0.342, 0.907, 0.274)

57186820 Setpoint: (-0.265, 0.912, 0.285); Drone position: (-0.341, 0.903, 0.277)

57186916 Setpoint: (-0.259, 0.918, 0.281); Drone position: (-0.340, 0.900, 0.280)

57187027 Setpoint: (-0.253, 0.926, 0.277); Drone position: (-0.339, 0.899, 0.283)

57187101 Setpoint: (-0.248, 0.930, 0.274); Drone position: (-0.338, 0.898, 0.285)

57187197 Setpoint: (-0.243, 0.937, 0.270); Drone position: (-0.335, 0.898, 0.286)

57187297 Setpoint: (-0.237, 0.944, 0.266); Drone position: (-0.333, 0.898, 0.287)

57187398 Setpoint: (-0.231, 0.951, 0.262); Drone position: (-0.330, 0.900, 0.287)

57187498 Setpoint: (-0.225, 0.957, 0.257); Drone position: (-0.326, 0.902, 0.286)

57187598 Setpoint: (-0.219, 0.964, 0.253); Drone position: (-0.321, 0.904, 0.286)

57187700 Setpoint: (-0.213, 0.971, 0.249); Drone position: (-0.316, 0.908, 0.285)

57187801 Setpoint: (-0.207, 0.978, 0.245); Drone position: (-0.310, 0.912, 0.283)

57187912 Setpoint: (-0.200, 0.986, 0.240); Drone position: (-0.300, 0.918, 0.281)

57188025 Setpoint: (-0.193, 0.994, 0.235); Drone position: (-0.292, 0.923, 0.279)

57188114 Setpoint: (-0.188, 1.000, 0.231); Drone position: (-0.284, 0.929, 0.276)

57188225 Setpoint: (-0.182, 1.008, 0.227); Drone position: (-0.275, 0.935, 0.273)

57188314 Setpoint: (-0.177, 1.015, 0.223); Drone position: (-0.267, 0.941, 0.269)

57188429 Setpoint: (-0.170, 1.023, 0.219); Drone position: (-0.258, 0.948, 0.265)

57188522 Setpoint: (-0.165, 1.029, 0.215); Drone position: (-0.249, 0.955, 0.261)

57188612 Setpoint: (-0.160, 1.036, 0.214); Drone position: (-0.240, 0.962, 0.256)

57188717 Setpoint: (-0.154, 1.043, 0.214); Drone position: (-0.231, 0.969, 0.251)

57188828 Setpoint: (-0.148, 1.051, 0.214); Drone position: (-0.222, 0.977, 0.244)

57188918 Setpoint: (-0.143, 1.058, 0.214); Drone position: (-0.213, 0.985, 0.237)

57189015 Setpoint: (-0.137, 1.065, 0.214); Drone position: (-0.204, 0.992, 0.230)

57189118 Setpoint: (-0.132, 1.072, 0.214); Drone position: (-0.195, 1.000, 0.223)

57189209 Setpoint: (-0.127, 1.079, 0.214); Drone position: (-0.187, 1.008, 0.216)

57189320 Setpoint: (-0.121, 1.087, 0.211); Drone position: (-0.179, 1.016, 0.209)

57189411 Setpoint: (-0.116, 1.093, 0.207); Drone position: (-0.172, 1.023, 0.202)

57189520 Setpoint: (-0.110, 1.101, 0.203); Drone position: (-0.166, 1.030, 0.196)

57189610 Setpoint: (-0.105, 1.108, 0.198); Drone position: (-0.159, 1.037, 0.190)

57189721 Setpoint: (-0.099, 1.115, 0.192); Drone position: (-0.153, 1.044, 0.184)

57189828 Setpoint: (-0.094, 1.122, 0.186); Drone position: (-0.147, 1.050, 0.178)

57189926 Setpoint: (-0.089, 1.129, 0.180); Drone position: (-0.141, 1.057, 0.173)

57190025 Setpoint: (-0.084, 1.135, 0.174); Drone position: (-0.136, 1.064, 0.169)

57190103 Setpoint: (-0.080, 1.140, 0.169); Drone position: (-0.133, 1.069, 0.167)

57190201 Setpoint: (-0.075, 1.145, 0.162); Drone position: (-0.128, 1.076, 0.163)

57190303 Setpoint: (-0.070, 1.151, 0.155); Drone position: (-0.123, 1.083, 0.160)

57190402 Setpoint: (-0.065, 1.156, 0.148); Drone position: (-0.119, 1.090, 0.157)

57190505 Setpoint: (-0.059, 1.160, 0.140); Drone position: (-0.112, 1.098, 0.153)

57190605 Setpoint: (-0.053, 1.165, 0.132); Drone position: (-0.107, 1.105, 0.150)

57190705 Setpoint: (-0.048, 1.169, 0.125); Drone position: (-0.103, 1.112, 0.146)

57190819 Setpoint: (-0.041, 1.173, 0.116); Drone position: (-0.098, 1.118, 0.143)

57190907 Setpoint: (-0.036, 1.174, 0.109); Drone position: (-0.093, 1.124, 0.140)

57191015 Setpoint: (-0.030, 1.174, 0.100); Drone position: (-0.089, 1.130, 0.138)

57191117 Setpoint: (-0.024, 1.174, 0.092); Drone position: (-0.085, 1.136, 0.135)

57191219 Setpoint: (-0.018, 1.174, 0.083); Drone position: (-0.080, 1.141, 0.131)

57191309 Setpoint: (-0.012, 1.174, 0.076); Drone position: (-0.076, 1.146, 0.128)

57191421 Setpoint: (-0.006, 1.174, 0.066); Drone position: (-0.072, 1.151, 0.124)

57191510 Setpoint: (0.000, 1.174, 0.059); Drone position: (-0.068, 1.155, 0.120)

57191623 Setpoint: (0.007, 1.174, 0.049); Drone position: (-0.064, 1.158, 0.115)

57191710 Setpoint: (0.012, 1.174, 0.042); Drone position: (-0.059, 1.161, 0.109)

57191824 Setpoint: (0.019, 1.174, 0.032); Drone position: (-0.054, 1.164, 0.103)

57191912 Setpoint: (0.024, 1.174, 0.025); Drone position: (-0.049, 1.166, 0.096)

57192024 Setpoint: (0.031, 1.173, 0.015); Drone position: (-0.043, 1.167, 0.089)

57192115 Setpoint: (0.036, 1.173, 0.008); Drone position: (-0.036, 1.168, 0.082)

57192225 Setpoint: (0.043, 1.173, -0.002); Drone position: (-0.030, 1.169, 0.075)

57192313 Setpoint: (0.048, 1.173, -0.009); Drone position: (-0.023, 1.170, 0.066)

57192427 Setpoint: (0.054, 1.173, -0.019); Drone position: (-0.015, 1.171, 0.058)

57192514 Setpoint: (0.059, 1.173, -0.027); Drone position: (-0.007, 1.171, 0.049)

57192626 Setpoint: (0.065, 1.173, -0.036); Drone position: (0.000, 1.172, 0.040)

57192717 Setpoint: (0.070, 1.173, -0.044); Drone position: (0.008, 1.171, 0.030)

57192829 Setpoint: (0.076, 1.173, -0.054); Drone position: (0.016, 1.171, 0.021)

57192917 Setpoint: (0.080, 1.173, -0.061); Drone position: (0.025, 1.172, 0.012)

57193020 Setpoint: (0.085, 1.173, -0.071); Drone position: (0.033, 1.172, 0.002)

57193117 Setpoint: (0.089, 1.173, -0.079); Drone position: (0.042, 1.172, -0.007)

57193208 Setpoint: (0.093, 1.173, -0.087); Drone position: (0.050, 1.172, -0.016)

57193308 Setpoint: (0.095, 1.173, -0.090); Drone position: (0.059, 1.172, -0.025)

57193409 Setpoint: (0.095, 1.173, -0.090); Drone position: (0.068, 1.171, -0.034)

57193509 Setpoint: (0.095, 1.173, -0.090); Drone position: (0.077, 1.171, -0.043)

57193610 Setpoint: (0.095, 1.173, -0.090); Drone position: (0.086, 1.171, -0.051)

57193710 Setpoint: (0.095, 1.173, -0.090); Drone position: (0.093, 1.171, -0.058)

57193810 Setpoint: (0.095, 1.173, -0.090); Drone position: (0.100, 1.171, -0.065)

57193912 Setpoint: (0.095, 1.173, -0.090); Drone position: (0.105, 1.171, -0.071)

57194028 Setpoint: (0.095, 1.173, -0.090); Drone position: (0.110, 1.172, -0.076)

57194113 Setpoint: (0.095, 1.173, -0.090); Drone position: (0.114, 1.172, -0.080)

57194225 Setpoint: (0.095, 1.173, -0.090); Drone position: (0.117, 1.172, -0.083)

57194312 Setpoint: (0.095, 1.173, -0.090); Drone position: (0.120, 1.172, -0.085)

57194425 Setpoint: (0.095, 1.173, -0.090); Drone position: (0.122, 1.172, -0.085)

57194515 Setpoint: (0.095, 1.173, -0.090); Drone position: (0.122, 1.172, -0.085)

57194628 Setpoint: (0.095, 1.173, -0.090); Drone position: (0.122, 1.172, -0.084)

57194716 Setpoint: (0.095, 1.173, -0.090); Drone position: (0.121, 1.173, -0.082)

57194814 Setpoint: (0.099, 1.173, -0.083); Drone position: (0.120, 1.172, -0.080)

57194916 Setpoint: (0.105, 1.175, -0.074); Drone position: (0.118, 1.172, -0.078)

57195028 Setpoint: (0.112, 1.180, -0.064); Drone position: (0.115, 1.172, -0.075)

57195119 Setpoint: (0.117, 1.184, -0.056); Drone position: (0.112, 1.172, -0.071)

57195228 Setpoint: (0.124, 1.189, -0.047); Drone position: (0.109, 1.172, -0.067)

57195318 Setpoint: (0.130, 1.193, -0.039); Drone position: (0.107, 1.173, -0.064)

57195429 Setpoint: (0.137, 1.198, -0.029); Drone position: (0.105, 1.174, -0.061)

57195520 Setpoint: (0.142, 1.202, -0.021); Drone position: (0.104, 1.175, -0.058)

57195626 Setpoint: (0.149, 1.207, -0.012); Drone position: (0.103, 1.176, -0.054)

57195721 Setpoint: (0.156, 1.212, -0.003); Drone position: (0.103, 1.178, -0.051)

57195816 Setpoint: (0.162, 1.216, 0.005); Drone position: (0.104, 1.179, -0.047)

57195922 Setpoint: (0.169, 1.221, 0.015); Drone position: (0.105, 1.180, -0.043)

57196010 Setpoint: (0.175, 1.225, 0.023); Drone position: (0.107, 1.181, -0.038)

57196123 Setpoint: (0.182, 1.229, 0.033); Drone position: (0.110, 1.183, -0.034)

57196211 Setpoint: (0.188, 1.232, 0.041); Drone position: (0.112, 1.185, -0.029)

57196324 Setpoint: (0.195, 1.232, 0.051); Drone position: (0.116, 1.187, -0.024)

57196414 Setpoint: (0.201, 1.232, 0.059); Drone position: (0.119, 1.190, -0.018)

57196525 Setpoint: (0.208, 1.232, 0.069); Drone position: (0.124, 1.193, -0.011)

57196623 Setpoint: (0.214, 1.232, 0.077); Drone position: (0.129, 1.196, -0.004)

57196724 Setpoint: (0.219, 1.232, 0.086); Drone position: (0.135, 1.199, 0.004)

57196816 Setpoint: (0.224, 1.232, 0.095); Drone position: (0.142, 1.203, 0.012)

57196914 Setpoint: (0.229, 1.232, 0.103); Drone position: (0.149, 1.206, 0.020)

57197016 Setpoint: (0.233, 1.232, 0.112); Drone position: (0.157, 1.209, 0.029)

57197116 Setpoint: (0.235, 1.232, 0.121); Drone position: (0.165, 1.212, 0.037)

57197216 Setpoint: (0.235, 1.232, 0.130); Drone position: (0.174, 1.214, 0.046)

57197317 Setpoint: (0.235, 1.232, 0.139); Drone position: (0.182, 1.217, 0.055)

57197417 Setpoint: (0.235, 1.232, 0.147); Drone position: (0.191, 1.219, 0.065)

57197519 Setpoint: (0.235, 1.232, 0.156); Drone position: (0.199, 1.221, 0.074)

57197629 Setpoint: (0.235, 1.232, 0.166); Drone position: (0.207, 1.223, 0.083)

57197720 Setpoint: (0.235, 1.232, 0.174); Drone position: (0.215, 1.224, 0.093)

57197811 Setpoint: (0.235, 1.232, 0.182); Drone position: (0.222, 1.225, 0.102)

57197922 Setpoint: (0.235, 1.232, 0.191); Drone position: (0.229, 1.226, 0.111)

57198012 Setpoint: (0.235, 1.232, 0.199); Drone position: (0.236, 1.227, 0.121)

57198123 Setpoint: (0.235, 1.232, 0.209); Drone position: (0.240, 1.227, 0.127)

57198211 Setpoint: (0.235, 1.232, 0.217); Drone position: (0.240, 1.227, 0.127)

57198324 Setpoint: (0.235, 1.232, 0.227); Drone position: (0.252, 1.228, 0.147)

57198412 Setpoint: (0.236, 1.232, 0.234); Drone position: (0.252, 1.228, 0.147)

57198527 Setpoint: (0.240, 1.232, 0.245); Drone position: (0.261, 1.229, 0.165)

57198623 Setpoint: (0.245, 1.232, 0.253); Drone position: (0.265, 1.229, 0.175)

57198728 Setpoint: (0.247, 1.232, 0.258); Drone position: (0.271, 1.229, 0.187)

57198816 Setpoint: (0.247, 1.232, 0.258); Drone position: (0.273, 1.229, 0.196)

57198926 Setpoint: (0.247, 1.232, 0.258); Drone position: (0.276, 1.229, 0.205)

57199017 Setpoint: (0.247, 1.232, 0.258); Drone position: (0.278, 1.229, 0.213)

57199128 Setpoint: (0.247, 1.232, 0.258); Drone position: (0.279, 1.229, 0.220)

57199218 Setpoint: (0.247, 1.232, 0.258); Drone position: (0.281, 1.229, 0.225)

57199329 Setpoint: (0.247, 1.232, 0.258); Drone position: (0.283, 1.229, 0.230)

57199427 Setpoint: (0.247, 1.232, 0.258); Drone position: (0.283, 1.229, 0.230)

57199520 Setpoint: (0.247, 1.232, 0.258); Drone position: (0.287, 1.231, 0.234)

57199621 Setpoint: (0.247, 1.232, 0.258); Drone position: (0.287, 1.231, 0.234)

57199730 Setpoint: (0.247, 1.232, 0.258); Drone position: (0.290, 1.233, 0.236)

57199821 Setpoint: (0.247, 1.232, 0.258); Drone position: (0.292, 1.234, 0.235)

57199911 Setpoint: (0.247, 1.232, 0.258); Drone position: (0.293, 1.235, 0.234)

57200022 Setpoint: (0.247, 1.232, 0.258); Drone position: (0.295, 1.236, 0.232)

57200111 Setpoint: (0.247, 1.232, 0.258); Drone position: (0.296, 1.237, 0.229)

57200223 Setpoint: (0.296, 1.237, 0.229); Drone position: (0.298, 1.237, 0.226)

57200311 Setpoint: (0.298, 1.237, 0.226); Drone position: (0.299, 1.237, 0.223)

57200427 Setpoint: (0.298, 1.237, 0.226); Drone position: (0.300, 1.233, 0.220)

57200523 Setpoint: (0.298, 1.237, 0.226); Drone position: (0.301, 1.224, 0.216)

57200627 Setpoint: (0.298, 1.237, 0.226); Drone position: (0.302, 1.204, 0.213)

57200713 Setpoint: (0.298, 1.237, 0.226); Drone position: (0.303, 1.172, 0.210)

57200827 Setpoint: (0.298, 1.237, 0.226); Drone position: (0.304, 1.128, 0.208)

57200916 Setpoint: (0.298, 1.237, 0.226); Drone position: (0.305, 1.074, 0.206)

57201025 Setpoint: (0.298, 1.237, 0.226); Drone position: (0.306, 1.014, 0.204)

57201115 Setpoint: (0.298, 1.237, 0.226); Drone position: (0.308, 0.949, 0.203)

57201227 Setpoint: (0.298, 1.237, 0.226); Drone position: (0.309, 0.883, 0.202)

57201316 Setpoint: (0.298, 1.237, 0.226); Drone position: (0.310, 0.815, 0.202)

57201422 Setpoint: (0.298, 1.237, 0.226); Drone position: (0.311, 0.743, 0.202)

57201518 Setpoint: (0.298, 1.237, 0.226); Drone position: (0.311, 0.668, 0.202)

57201625 Setpoint: (0.298, 1.237, 0.226); Drone position: (0.311, 0.592, 0.202)

57201726 Setpoint: (0.298, 1.237, 0.226); Drone position: (0.311, 0.515, 0.202)

57201825 Setpoint: (0.298, 1.237, 0.226); Drone position: (0.310, 0.437, 0.202)

57201927 Setpoint: (0.298, 1.237, 0.226); Drone position: (0.309, 0.359, 0.203)

57202026 Setpoint: (0.298, 1.237, 0.226); Drone position: (0.308, 0.282, 0.203)

57202126 Setpoint: (0.298, 1.237, 0.226); Drone position: (0.307, 0.205, 0.203)

57202227 Setpoint: (0.298, 1.237, 0.226); Drone position: (0.305, 0.129, 0.203)

57202327 Setpoint: (0.298, 1.237, 0.226); Drone position: (0.303, 0.053, 0.203)

57202417 Setpoint: (0.298, 1.237, 0.226); Drone position: (0.301, -0.023, 0.203)

57202529 Setpoint: (0.298, 1.237, 0.226); Drone position: (0.298, -0.095, 0.203)

57202618 Setpoint: (0.298, 1.237, 0.226); Drone position: (0.296, -0.146, 0.203)

57202728 Setpoint: (0.298, 1.237, 0.226); Drone position: (0.295, -0.179, 0.203)

57202820 Setpoint: (0.298, 1.237, 0.226); Drone position: (0.294, -0.201, 0.203)

57202908 Setpoint: (0.298, 1.237, 0.226); Drone position: (0.293, -0.216, 0.204)

57203022 Setpoint: (0.298, 1.237, 0.226); Drone position: (0.293, -0.228, 0.204)

57203113 Setpoint: (0.298, 1.237, 0.226); Drone position: (0.293, -0.232, 0.205)

57203225 Setpoint: (0.298, 1.237, 0.226); Drone position: (0.293, -0.231, 0.206)

57203314 Setpoint: (0.298, 1.237, 0.226); Drone position: (0.293, -0.227, 0.206)

57203425 Setpoint: (0.298, 1.237, 0.226); Drone position: (0.293, -0.219, 0.207)

57203515 Setpoint: (0.298, 1.237, 0.226); Drone position: (0.294, -0.210, 0.208)

57203628 Setpoint: (0.298, 1.237, 0.226); Drone position: (0.294, -0.200, 0.208)

57203729 Setpoint: (0.298, 1.237, 0.226); Drone position: (0.294, -0.189, 0.208)

57203824 Setpoint: (0.298, 1.237, 0.226); Drone position: (0.294, -0.177, 0.207)

57203913 Setpoint: (0.298, 1.237, 0.226); Drone position: (0.294, -0.166, 0.207)

57204025 Setpoint: (0.298, 1.237, 0.226); Drone position: (0.294, -0.156, 0.206)

57204120 Setpoint: (0.298, 1.237, 0.226); Drone position: (0.294, -0.145, 0.206)

57204225 Setpoint: (0.298, 1.237, 0.226); Drone position: (0.294, -0.135, 0.206)

57204316 Setpoint: (0.298, 1.237, 0.226); Drone position: (0.294, -0.126, 0.205)

57204428 Setpoint: (0.298, 1.237, 0.226); Drone position: (0.294, -0.117, 0.205)

57204521 Setpoint: (0.298, 1.237, 0.226); Drone position: (0.293, -0.108, 0.205)

57204625 Setpoint: (0.298, 1.237, 0.226); Drone position: (0.293, -0.100, 0.205)

57204724 Setpoint: (0.298, 1.237, 0.226); Drone position: (0.293, -0.092, 0.206)

57204829 Setpoint: (0.298, 1.237, 0.226); Drone position: (0.293, -0.085, 0.206)

57204922 Setpoint: (0.298, 1.237, 0.226); Drone position: (0.293, -0.078, 0.206)

57205011 Setpoint: (0.298, 1.237, 0.226); Drone position: (0.294, -0.072, 0.205)

57205121 Setpoint: (0.298, 1.237, 0.226); Drone position: (0.294, -0.067, 0.205)

57205211 Setpoint: (0.298, 1.237, 0.226); Drone position: (0.295, -0.061, 0.204)

57205321 Setpoint: (0.298, 1.237, 0.226); Drone position: (0.295, -0.056, 0.203)

57205418 Setpoint: (0.298, 1.237, 0.226); Drone position: (0.296, -0.051, 0.203)

57205526 Setpoint: (0.298, 1.237, 0.226); Drone position: (0.297, -0.046, 0.202)

57205572 Setpoint: (0.298, 1.237, 0.226); Drone position: (0.297, -0.043, 0.202)

57205572 Setpoint: (0.298, 1.237, 0.226); Drone position: (0.297, -0.043, 0.202)

57205572 Setpoint: (0.298, 1.237, 0.226); Drone position: (0.297, -0.043, 0.202)

57205572 Setpoint: (0.298, 1.237, 0.226); Drone position: (0.297, -0.043, 0.202)

57205572 Setpoint: (0.298, 1.237, 0.226); Drone position: (0.297, -0.043, 0.202)

57205572 Setpoint: (0.298, 1.237, 0.226); Drone position: (0.297, -0.043, 0.202)

57205572 Setpoint: (0.298, 1.237, 0.226); Drone position: (0.297, -0.043, 0.202)

57205572 Setpoint: (0.298, 1.237, 0.226); Drone position: (0.297, -0.043, 0.202)

57205572 Setpoint: (0.298, 1.237, 0.226); Drone position: (0.297, -0.043, 0.202)

57205572 Setpoint: (0.298, 1.237, 0.226); Drone position: (0.297, -0.043, 0.202)

57205572 Setpoint: (0.298, 1.237, 0.226); Drone position: (0.297, -0.043, 0.202)

57205572 Setpoint: (0.298, 1.237, 0.226); Drone position: (0.297, -0.043, 0.202)

57205572 Setpoint: (0.298, 1.237, 0.226); Drone position: (0.297, -0.043, 0.202)

57205572 Setpoint: (0.298, 1.237, 0.226); Drone position: (0.297, -0.043, 0.202)

57205572 Setpoint: (0.298, 1.237, 0.226); Drone position: (0.297, -0.043, 0.202)

57205572 Setpoint: (0.298, 1.237, 0.226); Drone position: (0.297, -0.043, 0.202)

57205572 Setpoint: (0.298, 1.237, 0.226); Drone position: (0.297, -0.043, 0.202)

57205572 Setpoint: (0.298, 1.237, 0.226); Drone position: (0.297, -0.043, 0.202)

57205572 Setpoint: (0.298, 1.237, 0.226); Drone position: (0.297, -0.043, 0.202)

57205572 Setpoint: (0.298, 1.237, 0.226); Drone position: (0.297, -0.043, 0.202)

57205572 Setpoint: (0.298, 1.237, 0.226); Drone position: (0.297, -0.043, 0.202)

57205572 Setpoint: (0.298, 1.237, 0.226); Drone position: (0.297, -0.043, 0.202)

57205572 Setpoint: (0.298, 1.237, 0.226); Drone position: (0.297, -0.043, 0.202)

57205572 Setpoint: (0.298, 1.237, 0.226); Drone position: (0.297, -0.043, 0.202)

57205572 Setpoint: (0.298, 1.237, 0.226); Drone position: (0.297, -0.043, 0.202)

57205572 Setpoint: (0.298, 1.237, 0.226); Drone position: (0.297, -0.043, 0.202)

57205572 Setpoint: (0.298, 1.237, 0.226); Drone position: (0.297, -0.043, 0.202)

57205572 Setpoint: (0.298, 1.237, 0.226); Drone position: (0.297, -0.043, 0.202)

57205572 Setpoint: (0.298, 1.237, 0.226); Drone position: (0.297, -0.043, 0.202)

57205572 Setpoint: (0.298, 1.237, 0.226); Drone position: (0.297, -0.043, 0.202)

57205572 Setpoint: (0.298, 1.237, 0.226); Drone position: (0.297, -0.043, 0.202)

57205572 Setpoint: (0.298, 1.237, 0.226); Drone position: (0.297, -0.043, 0.202)

57205572 Setpoint: (0.298, 1.237, 0.226); Drone position: (0.297, -0.043, 0.202)

57205572 Setpoint: (0.298, 1.237, 0.226); Drone position: (0.297, -0.043, 0.202)

57205572 Setpoint: (0.298, 1.237, 0.226); Drone position: (0.297, -0.043, 0.202)

57205572 Setpoint: (0.298, 1.237, 0.226); Drone position: (0.297, -0.043, 0.202)

