Unity data 
0 
0 
0 
0 
0 
0 
0 
0 
0 
0 
0 
0 
0 
0 
0 
0 
0 
0 
0 
0 
0 
0 
0 
0 
0 
0 
0 
0 
0 
0 
0 
0 
0 
0 
0 
0 
0 
0 
0 
0 
0 
0 
0 
0 
0 
0 
0 
0 
0 
0 
0 
0 
0 
0 
0 
0 
0 
0 
0 
0 
0 
0 
0 
0 
0 
0 
0 
0 
0 
0 
0 
0 
0 
0 
0 
0 
0 
0 
0 
0 
0 
0 
0 
0 
0 
0 
0 
0 
0 
0 
57298282 Setpoint: (0.268, 1.061, 0.183); Drone position: (0.267, 1.108, 0.183)

57298394 Setpoint: (0.268, 1.061, 0.183); Drone position: (0.266, 1.172, 0.182)

57298497 Setpoint: (0.268, 1.061, 0.183); Drone position: (0.265, 1.199, 0.182)

57298586 Setpoint: (0.268, 1.061, 0.183); Drone position: (0.263, 1.217, 0.182)

57298697 Setpoint: (0.268, 1.061, 0.183); Drone position: (0.262, 1.228, 0.182)

57298795 Setpoint: (0.268, 1.061, 0.183); Drone position: (0.261, 1.232, 0.182)

57298897 Setpoint: (0.268, 1.061, 0.183); Drone position: (0.261, 1.230, 0.182)

57298987 Setpoint: (0.268, 1.061, 0.183); Drone position: (0.260, 1.222, 0.183)

57299097 Setpoint: (0.268, 1.061, 0.183); Drone position: (0.259, 1.212, 0.184)

57299188 Setpoint: (0.268, 1.061, 0.183); Drone position: (0.258, 1.198, 0.185)

57299298 Setpoint: (0.268, 1.061, 0.183); Drone position: (0.258, 1.183, 0.185)

57299387 Setpoint: (0.268, 1.061, 0.183); Drone position: (0.257, 1.166, 0.186)

57299500 Setpoint: (0.268, 1.061, 0.183); Drone position: (0.257, 1.150, 0.187)

57299590 Setpoint: (0.268, 1.061, 0.183); Drone position: (0.256, 1.134, 0.188)

57299696 Setpoint: (0.268, 1.061, 0.183); Drone position: (0.256, 1.119, 0.190)

57299799 Setpoint: (0.268, 1.061, 0.183); Drone position: (0.255, 1.105, 0.191)

57299902 Setpoint: (0.268, 1.061, 0.183); Drone position: (0.254, 1.093, 0.193)

57299991 Setpoint: (0.268, 1.061, 0.183); Drone position: (0.254, 1.083, 0.195)

57300080 Setpoint: (0.268, 1.061, 0.183); Drone position: (0.254, 1.078, 0.197)

57300193 Setpoint: (0.268, 1.061, 0.183); Drone position: (0.253, 1.070, 0.199)

57300281 Setpoint: (0.268, 1.061, 0.183); Drone position: (0.253, 1.067, 0.200)

57300396 Setpoint: (0.261, 1.054, 0.176); Drone position: (0.253, 1.063, 0.201)

57300483 Setpoint: (0.255, 1.049, 0.170); Drone position: (0.253, 1.062, 0.203)

57300599 Setpoint: (0.247, 1.043, 0.163); Drone position: (0.253, 1.061, 0.204)

57300692 Setpoint: (0.240, 1.039, 0.157); Drone position: (0.253, 1.054, 0.206)

57300785 Setpoint: (0.232, 1.039, 0.151); Drone position: (0.253, 1.047, 0.207)

57300896 Setpoint: (0.221, 1.039, 0.144); Drone position: (0.252, 1.039, 0.208)

57300986 Setpoint: (0.213, 1.039, 0.138); Drone position: (0.251, 1.030, 0.208)

57301097 Setpoint: (0.202, 1.039, 0.131); Drone position: (0.250, 1.022, 0.208)

57301187 Setpoint: (0.193, 1.039, 0.125); Drone position: (0.249, 1.014, 0.207)

57301298 Setpoint: (0.182, 1.039, 0.118); Drone position: (0.247, 1.007, 0.206)

57301387 Setpoint: (0.173, 1.039, 0.113); Drone position: (0.244, 0.999, 0.204)

57301499 Setpoint: (0.161, 1.039, 0.107); Drone position: (0.240, 0.993, 0.201)

57301586 Setpoint: (0.152, 1.039, 0.101); Drone position: (0.236, 0.987, 0.197)

57301693 Setpoint: (0.141, 1.039, 0.098); Drone position: (0.231, 0.982, 0.194)

57301801 Setpoint: (0.130, 1.039, 0.098); Drone position: (0.225, 0.979, 0.189)

57301891 Setpoint: (0.120, 1.039, 0.098); Drone position: (0.219, 0.976, 0.184)

57301980 Setpoint: (0.111, 1.039, 0.098); Drone position: (0.214, 0.974, 0.180)

57302093 Setpoint: (0.099, 1.039, 0.098); Drone position: (0.204, 0.972, 0.173)

57302183 Setpoint: (0.089, 1.039, 0.098); Drone position: (0.199, 0.971, 0.169)

57302292 Setpoint: (0.077, 1.039, 0.098); Drone position: (0.188, 0.972, 0.160)

57302381 Setpoint: (0.067, 1.039, 0.098); Drone position: (0.182, 0.972, 0.156)

57302471 Setpoint: (0.058, 1.039, 0.098); Drone position: (0.172, 0.973, 0.150)

57302584 Setpoint: (0.045, 1.039, 0.098); Drone position: (0.159, 0.975, 0.142)

57302697 Setpoint: (0.033, 1.039, 0.098); Drone position: (0.148, 0.977, 0.136)

57302785 Setpoint: (0.023, 1.039, 0.098); Drone position: (0.137, 0.979, 0.130)

57302896 Setpoint: (0.011, 1.039, 0.098); Drone position: (0.125, 0.982, 0.125)

57302985 Setpoint: (0.001, 1.039, 0.098); Drone position: (0.113, 0.984, 0.119)

57303097 Setpoint: (-0.011, 1.039, 0.098); Drone position: (0.101, 0.987, 0.114)

57303187 Setpoint: (-0.021, 1.039, 0.098); Drone position: (0.088, 0.990, 0.109)

57303292 Setpoint: (-0.033, 1.039, 0.098); Drone position: (0.075, 0.993, 0.105)

57303399 Setpoint: (-0.045, 1.040, 0.098); Drone position: (0.061, 0.995, 0.102)

57303498 Setpoint: (-0.056, 1.040, 0.098); Drone position: (0.047, 0.998, 0.099)

57303588 Setpoint: (-0.066, 1.040, 0.098); Drone position: (0.033, 1.001, 0.096)

57303684 Setpoint: (-0.076, 1.040, 0.098); Drone position: (0.020, 1.003, 0.094)

57303794 Setpoint: (-0.089, 1.040, 0.098); Drone position: (0.006, 1.006, 0.093)

57303890 Setpoint: (-0.100, 1.040, 0.098); Drone position: (-0.007, 1.007, 0.092)

57303990 Setpoint: (-0.111, 1.040, 0.098); Drone position: (-0.021, 1.009, 0.092)

57304090 Setpoint: (-0.122, 1.040, 0.094); Drone position: (-0.034, 1.011, 0.091)

57304190 Setpoint: (-0.134, 1.040, 0.088); Drone position: (-0.047, 1.013, 0.091)

57304292 Setpoint: (-0.145, 1.040, 0.082); Drone position: (-0.060, 1.014, 0.092)

57304392 Setpoint: (-0.156, 1.040, 0.078); Drone position: (-0.073, 1.015, 0.092)

57304494 Setpoint: (-0.168, 1.040, 0.078); Drone position: (-0.086, 1.016, 0.092)

57304592 Setpoint: (-0.178, 1.040, 0.078); Drone position: (-0.098, 1.016, 0.092)

57304684 Setpoint: (-0.188, 1.040, 0.078); Drone position: (-0.110, 1.017, 0.092)

57304795 Setpoint: (-0.200, 1.040, 0.078); Drone position: (-0.117, 1.018, 0.092)

57304885 Setpoint: (-0.209, 1.040, 0.078); Drone position: (-0.131, 1.019, 0.092)

57304996 Setpoint: (-0.219, 1.040, 0.078); Drone position: (-0.141, 1.020, 0.093)

57305086 Setpoint: (-0.227, 1.040, 0.078); Drone position: (-0.152, 1.021, 0.093)

57305197 Setpoint: (-0.235, 1.035, 0.078); Drone position: (-0.161, 1.022, 0.093)

57305295 Setpoint: (-0.239, 1.029, 0.078); Drone position: (-0.170, 1.023, 0.093)

57305397 Setpoint: (-0.239, 1.022, 0.078); Drone position: (-0.179, 1.023, 0.093)

57305486 Setpoint: (-0.239, 1.017, 0.078); Drone position: (-0.187, 1.024, 0.094)

57305599 Setpoint: (-0.239, 1.017, 0.078); Drone position: (-0.194, 1.024, 0.095)

57305688 Setpoint: (-0.239, 1.017, 0.078); Drone position: (-0.200, 1.024, 0.095)

57305799 Setpoint: (-0.239, 1.016, 0.078); Drone position: (-0.206, 1.024, 0.097)

57305889 Setpoint: (-0.236, 1.010, 0.078); Drone position: (-0.211, 1.024, 0.098)

57306000 Setpoint: (-0.230, 1.003, 0.079); Drone position: (-0.214, 1.024, 0.100)

57306091 Setpoint: (-0.223, 0.998, 0.086); Drone position: (-0.217, 1.023, 0.102)

57306202 Setpoint: (-0.216, 0.994, 0.094); Drone position: (-0.219, 1.022, 0.103)

57306295 Setpoint: (-0.209, 0.994, 0.102); Drone position: (-0.221, 1.021, 0.105)

57306370 Setpoint: (-0.203, 0.994, 0.110); Drone position: (-0.222, 1.020, 0.107)

57306470 Setpoint: (-0.196, 0.994, 0.120); Drone position: (-0.222, 1.018, 0.109)

57306569 Setpoint: (-0.189, 0.994, 0.130); Drone position: (-0.222, 1.016, 0.111)

57306670 Setpoint: (-0.181, 0.994, 0.141); Drone position: (-0.221, 1.014, 0.113)

57306771 Setpoint: (-0.173, 0.994, 0.152); Drone position: (-0.220, 1.012, 0.115)

57306872 Setpoint: (-0.166, 0.994, 0.164); Drone position: (-0.218, 1.010, 0.117)

57306975 Setpoint: (-0.159, 0.994, 0.176); Drone position: (-0.217, 1.009, 0.120)

57307073 Setpoint: (-0.152, 0.994, 0.188); Drone position: (-0.215, 1.007, 0.123)

57307196 Setpoint: (-0.143, 0.994, 0.202); Drone position: (-0.212, 1.006, 0.128)

57307286 Setpoint: (-0.136, 0.993, 0.214); Drone position: (-0.208, 1.004, 0.132)

57307397 Setpoint: (-0.128, 0.993, 0.227); Drone position: (-0.204, 1.003, 0.136)

57307486 Setpoint: (-0.121, 0.993, 0.239); Drone position: (-0.200, 1.001, 0.141)

57307597 Setpoint: (-0.113, 0.993, 0.253); Drone position: (-0.194, 1.000, 0.146)

57307687 Setpoint: (-0.106, 0.993, 0.265); Drone position: (-0.188, 0.999, 0.151)

57307799 Setpoint: (-0.098, 0.993, 0.279); Drone position: (-0.181, 0.998, 0.157)

57307889 Setpoint: (-0.091, 0.993, 0.291); Drone position: (-0.173, 0.997, 0.163)

57308000 Setpoint: (-0.082, 0.993, 0.305); Drone position: (-0.166, 0.996, 0.171)

57308090 Setpoint: (-0.075, 0.993, 0.317); Drone position: (-0.158, 0.996, 0.180)

57308201 Setpoint: (-0.067, 0.993, 0.332); Drone position: (-0.150, 0.995, 0.189)

57308292 Setpoint: (-0.059, 0.993, 0.344); Drone position: (-0.141, 0.994, 0.199)

57308380 Setpoint: (-0.052, 0.993, 0.355); Drone position: (-0.135, 0.994, 0.207)

57308497 Setpoint: (-0.043, 0.993, 0.371); Drone position: (-0.123, 0.992, 0.222)

57308583 Setpoint: (-0.036, 0.992, 0.382); Drone position: (-0.114, 0.991, 0.234)

57308694 Setpoint: (-0.027, 0.992, 0.397); Drone position: (-0.105, 0.990, 0.246)

57308785 Setpoint: (-0.019, 0.992, 0.409); Drone position: (-0.095, 0.989, 0.260)

57308895 Setpoint: (-0.010, 0.992, 0.424); Drone position: (-0.086, 0.989, 0.273)

57308984 Setpoint: (-0.003, 0.992, 0.435); Drone position: (-0.077, 0.988, 0.288)

57309096 Setpoint: (0.007, 0.992, 0.450); Drone position: (-0.068, 0.988, 0.303)

57309184 Setpoint: (0.014, 0.993, 0.462); Drone position: (-0.059, 0.987, 0.318)

57309299 Setpoint: (0.024, 1.000, 0.477); Drone position: (-0.049, 0.987, 0.334)

57309386 Setpoint: (0.031, 1.005, 0.489); Drone position: (-0.040, 0.987, 0.350)

57309497 Setpoint: (0.041, 1.013, 0.504); Drone position: (-0.031, 0.987, 0.366)

57309587 Setpoint: (0.049, 1.019, 0.516); Drone position: (-0.023, 0.988, 0.382)

57309698 Setpoint: (0.059, 1.027, 0.531); Drone position: (-0.014, 0.988, 0.398)

57309786 Setpoint: (0.067, 1.033, 0.543); Drone position: (-0.006, 0.990, 0.413)

57309899 Setpoint: (0.077, 1.041, 0.558); Drone position: (0.003, 0.991, 0.428)

57309990 Setpoint: (0.085, 1.046, 0.570); Drone position: (0.012, 0.993, 0.443)

57310099 Setpoint: (0.093, 1.049, 0.584); Drone position: (0.022, 0.996, 0.457)

57310192 Setpoint: (0.099, 1.049, 0.596); Drone position: (0.032, 0.999, 0.471)

57310300 Setpoint: (0.105, 1.049, 0.610); Drone position: (0.042, 1.002, 0.485)

57310392 Setpoint: (0.105, 1.049, 0.621); Drone position: (0.046, 1.004, 0.491)

57310480 Setpoint: (0.105, 1.049, 0.632); Drone position: (0.057, 1.009, 0.508)

57310593 Setpoint: (0.105, 1.049, 0.646); Drone position: (0.068, 1.014, 0.527)

57310681 Setpoint: (0.105, 1.049, 0.657); Drone position: (0.073, 1.017, 0.536)

57310794 Setpoint: (0.105, 1.048, 0.671); Drone position: (0.083, 1.022, 0.554)

57310882 Setpoint: (0.105, 1.048, 0.681); Drone position: (0.087, 1.024, 0.563)

57310995 Setpoint: (0.105, 1.048, 0.694); Drone position: (0.095, 1.028, 0.580)

57311085 Setpoint: (0.099, 1.030, 0.592); Drone position: (0.101, 1.031, 0.594)

57311196 Setpoint: (0.099, 1.030, 0.605); Drone position: (0.107, 1.034, 0.607)

57311284 Setpoint: (0.099, 1.030, 0.616); Drone position: (0.113, 1.035, 0.620)

57311395 Setpoint: (0.099, 1.030, 0.629); Drone position: (0.118, 1.036, 0.631)

57311486 Setpoint: (0.099, 1.030, 0.639); Drone position: (0.122, 1.037, 0.641)

57311597 Setpoint: (0.099, 1.030, 0.652); Drone position: (0.126, 1.037, 0.650)

57311687 Setpoint: (0.099, 1.030, 0.663); Drone position: (0.129, 1.038, 0.657)

57311802 Setpoint: (0.099, 1.030, 0.675); Drone position: (0.132, 1.038, 0.664)

57311887 Setpoint: (0.099, 1.030, 0.685); Drone position: (0.134, 1.038, 0.670)

57312000 Setpoint: (0.099, 1.030, 0.698); Drone position: (0.135, 1.037, 0.675)

57312090 Setpoint: (0.136, 1.037, 0.681); Drone position: (0.136, 1.037, 0.679)

57312200 Setpoint: (0.136, 1.037, 0.693); Drone position: (0.137, 1.037, 0.682)

57312296 Setpoint: (0.136, 1.037, 0.686); Drone position: (0.136, 1.037, 0.685)

57312389 Setpoint: (0.136, 1.037, 0.696); Drone position: (0.136, 1.038, 0.687)

57312492 Setpoint: (0.135, 1.038, 0.692); Drone position: (0.135, 1.038, 0.689)

57312581 Setpoint: (0.135, 1.038, 0.689); Drone position: (0.135, 1.038, 0.689)

57312694 Setpoint: (0.135, 1.039, 0.690); Drone position: (0.135, 1.039, 0.690)

57312782 Setpoint: (0.135, 1.039, 0.699); Drone position: (0.136, 1.040, 0.690)

57312893 Setpoint: (0.136, 1.040, 0.699); Drone position: (0.137, 1.040, 0.691)

57312983 Setpoint: (0.137, 1.040, 0.697); Drone position: (0.137, 1.041, 0.690)

57313096 Setpoint: (0.137, 1.041, 0.695); Drone position: (0.138, 1.041, 0.690)

57313184 Setpoint: (0.138, 1.041, 0.691); Drone position: (0.138, 1.041, 0.690)

57313296 Setpoint: (0.138, 1.041, 0.689); Drone position: (0.138, 1.041, 0.689)

57313384 Setpoint: (0.138, 1.041, 0.696); Drone position: (0.138, 1.041, 0.689)

57313495 Setpoint: (0.138, 1.041, 0.700); Drone position: (0.138, 1.041, 0.689)

57313585 Setpoint: (0.138, 1.041, 0.700); Drone position: (0.139, 1.041, 0.689)

57313697 Setpoint: (0.138, 1.041, 0.700); Drone position: (0.139, 1.041, 0.689)

57313786 Setpoint: (0.138, 1.041, 0.697); Drone position: (0.139, 1.041, 0.689)

57313902 Setpoint: (0.138, 1.041, 0.689); Drone position: (0.139, 1.041, 0.690)

57313987 Setpoint: (0.138, 1.041, 0.681); Drone position: (0.139, 1.040, 0.690)

57314099 Setpoint: (0.138, 1.041, 0.671); Drone position: (0.139, 1.040, 0.690)

57314188 Setpoint: (0.138, 1.041, 0.662); Drone position: (0.138, 1.040, 0.690)

57314301 Setpoint: (0.138, 1.041, 0.651); Drone position: (0.138, 1.040, 0.690)

57314382 Setpoint: (0.138, 1.041, 0.642); Drone position: (0.138, 1.040, 0.690)

57314488 Setpoint: (0.138, 1.041, 0.631); Drone position: (0.137, 1.039, 0.688)

57314593 Setpoint: (0.138, 1.041, 0.619); Drone position: (0.136, 1.039, 0.686)

57314692 Setpoint: (0.138, 1.042, 0.608); Drone position: (0.135, 1.039, 0.684)

57314793 Setpoint: (0.138, 1.036, 0.596); Drone position: (0.134, 1.039, 0.680)

57314892 Setpoint: (0.138, 1.030, 0.585); Drone position: (0.132, 1.039, 0.677)

57314993 Setpoint: (0.138, 1.024, 0.573); Drone position: (0.131, 1.039, 0.673)

57315092 Setpoint: (0.138, 1.018, 0.561); Drone position: (0.129, 1.039, 0.668)

57315193 Setpoint: (0.138, 1.012, 0.549); Drone position: (0.128, 1.038, 0.663)

57315295 Setpoint: (0.138, 1.007, 0.536); Drone position: (0.127, 1.037, 0.657)

57315383 Setpoint: (0.138, 1.003, 0.525); Drone position: (0.127, 1.036, 0.651)

57315495 Setpoint: (0.138, 1.000, 0.511); Drone position: (0.127, 1.034, 0.643)

57315601 Setpoint: (0.138, 0.995, 0.500); Drone position: (0.126, 1.032, 0.635)

57315696 Setpoint: (0.138, 0.989, 0.486); Drone position: (0.125, 1.030, 0.626)

57315786 Setpoint: (0.138, 0.983, 0.475); Drone position: (0.124, 1.027, 0.616)

57315898 Setpoint: (0.138, 0.977, 0.461); Drone position: (0.123, 1.024, 0.605)

57315986 Setpoint: (0.138, 0.972, 0.449); Drone position: (0.121, 1.020, 0.593)

57316098 Setpoint: (0.138, 0.972, 0.435); Drone position: (0.120, 1.016, 0.581)

57316188 Setpoint: (0.138, 0.972, 0.424); Drone position: (0.118, 1.012, 0.569)

57316300 Setpoint: (0.138, 0.972, 0.409); Drone position: (0.116, 1.008, 0.556)

57316390 Setpoint: (0.138, 0.972, 0.397); Drone position: (0.114, 1.003, 0.544)

57316501 Setpoint: (0.143, 0.972, 0.383); Drone position: (0.112, 0.999, 0.530)

57316592 Setpoint: (0.149, 0.972, 0.371); Drone position: (0.110, 0.995, 0.516)

57316702 Setpoint: (0.157, 0.972, 0.356); Drone position: (0.109, 0.991, 0.502)

57316792 Setpoint: (0.164, 0.972, 0.344); Drone position: (0.107, 0.987, 0.488)

57316900 Setpoint: (0.172, 0.972, 0.330); Drone position: (0.106, 0.984, 0.473)

57316997 Setpoint: (0.179, 0.972, 0.317); Drone position: (0.105, 0.981, 0.458)

57317071 Setpoint: (0.185, 0.972, 0.307); Drone position: (0.105, 0.980, 0.447)

57317171 Setpoint: (0.193, 0.972, 0.293); Drone position: (0.105, 0.977, 0.432)

57317274 Setpoint: (0.201, 0.972, 0.279); Drone position: (0.105, 0.975, 0.416)

57317372 Setpoint: (0.209, 0.972, 0.266); Drone position: (0.106, 0.973, 0.401)

57317472 Setpoint: (0.217, 0.972, 0.253); Drone position: (0.107, 0.972, 0.386)

57317573 Setpoint: (0.225, 0.973, 0.239); Drone position: (0.109, 0.971, 0.371)

57317675 Setpoint: (0.234, 0.973, 0.225); Drone position: (0.111, 0.970, 0.356)

57317775 Setpoint: (0.242, 0.973, 0.212); Drone position: (0.114, 0.970, 0.342)

57317901 Setpoint: (0.252, 0.973, 0.195); Drone position: (0.119, 0.970, 0.323)

57317986 Setpoint: (0.258, 0.973, 0.183); Drone position: (0.123, 0.970, 0.308)

57318077 Setpoint: (0.265, 0.973, 0.171); Drone position: (0.127, 0.970, 0.298)

57318188 Setpoint: (0.269, 0.973, 0.156); Drone position: (0.135, 0.970, 0.281)

57318299 Setpoint: (0.269, 0.973, 0.142); Drone position: (0.142, 0.970, 0.267)

57318389 Setpoint: (0.269, 0.973, 0.131); Drone position: (0.151, 0.970, 0.254)

57318500 Setpoint: (0.269, 0.973, 0.117); Drone position: (0.161, 0.971, 0.242)

57318592 Setpoint: (0.269, 0.973, 0.105); Drone position: (0.171, 0.971, 0.229)

57318701 Setpoint: (0.269, 0.973, 0.092); Drone position: (0.182, 0.971, 0.216)

57318792 Setpoint: (0.269, 0.973, 0.081); Drone position: (0.193, 0.971, 0.204)

57318879 Setpoint: (0.269, 0.973, 0.071); Drone position: (0.201, 0.971, 0.196)

57318994 Setpoint: (0.269, 0.973, 0.058); Drone position: (0.216, 0.971, 0.180)

57319082 Setpoint: (0.269, 0.973, 0.048); Drone position: (0.224, 0.970, 0.172)

57319193 Setpoint: (0.269, 0.973, 0.035); Drone position: (0.237, 0.970, 0.156)

57319284 Setpoint: (0.269, 0.973, 0.025); Drone position: (0.247, 0.969, 0.145)

57319393 Setpoint: (0.269, 0.973, 0.013); Drone position: (0.256, 0.969, 0.134)

57319489 Setpoint: (0.269, 0.973, 0.003); Drone position: (0.265, 0.968, 0.123)

57319595 Setpoint: (0.265, 0.973, -0.008); Drone position: (0.273, 0.968, 0.112)

57319710 Setpoint: (0.259, 0.974, -0.018); Drone position: (0.280, 0.968, 0.101)

57319811 Setpoint: (0.258, 0.974, -0.027); Drone position: (0.286, 0.969, 0.089)

57319918 Setpoint: (0.258, 0.974, -0.036); Drone position: (0.292, 0.969, 0.077)

57319984 Setpoint: (0.258, 0.974, -0.042); Drone position: (0.297, 0.969, 0.065)

57320087 Setpoint: (0.258, 0.969, -0.051); Drone position: (0.301, 0.969, 0.057)

57320188 Setpoint: (0.258, 0.963, -0.057); Drone position: (0.306, 0.969, 0.041)

57320287 Setpoint: (0.258, 0.957, -0.057); Drone position: (0.309, 0.968, 0.030)

57320388 Setpoint: (0.258, 0.949, -0.057); Drone position: (0.311, 0.968, 0.019)

57320489 Setpoint: (0.258, 0.942, -0.057); Drone position: (0.312, 0.967, 0.009)

57320594 Setpoint: (0.258, 0.935, -0.057); Drone position: (0.312, 0.965, -0.001)

57320700 Setpoint: (0.258, 0.927, -0.057); Drone position: (0.311, 0.964, -0.011)

57320792 Setpoint: (0.258, 0.920, -0.057); Drone position: (0.309, 0.962, -0.020)

57320900 Setpoint: (0.258, 0.912, -0.057); Drone position: (0.307, 0.961, -0.028)

57320993 Setpoint: (0.258, 0.905, -0.057); Drone position: (0.304, 0.958, -0.034)

57321079 Setpoint: (0.253, 0.900, -0.057); Drone position: (0.302, 0.956, -0.038)

57321192 Setpoint: (0.245, 0.894, -0.057); Drone position: (0.296, 0.952, -0.045)

57321281 Setpoint: (0.237, 0.894, -0.057); Drone position: (0.293, 0.950, -0.048)

57321395 Setpoint: (0.226, 0.894, -0.057); Drone position: (0.287, 0.944, -0.052)

57321481 Setpoint: (0.218, 0.894, -0.057); Drone position: (0.283, 0.941, -0.053)

57321593 Setpoint: (0.206, 0.894, -0.057); Drone position: (0.276, 0.935, -0.055)

57321683 Setpoint: (0.197, 0.894, -0.057); Drone position: (0.269, 0.931, -0.055)

57321794 Setpoint: (0.185, 0.894, -0.057); Drone position: (0.262, 0.927, -0.054)

57321885 Setpoint: (0.175, 0.900, -0.057); Drone position: (0.254, 0.922, -0.053)

57321995 Setpoint: (0.163, 0.907, -0.057); Drone position: (0.245, 0.918, -0.051)

57322085 Setpoint: (0.154, 0.913, -0.057); Drone position: (0.236, 0.915, -0.049)

57322197 Setpoint: (0.141, 0.920, -0.057); Drone position: (0.227, 0.911, -0.046)

57322287 Setpoint: (0.131, 0.927, -0.057); Drone position: (0.217, 0.909, -0.043)

57322399 Setpoint: (0.119, 0.935, -0.057); Drone position: (0.207, 0.907, -0.039)

57322488 Setpoint: (0.109, 0.941, -0.057); Drone position: (0.197, 0.906, -0.035)

57322599 Setpoint: (0.096, 0.949, -0.057); Drone position: (0.186, 0.906, -0.031)

57322691 Setpoint: (0.086, 0.956, -0.057); Drone position: (0.175, 0.906, -0.028)

57322781 Setpoint: (0.076, 0.962, -0.057); Drone position: (0.168, 0.907, -0.025)

57322890 Setpoint: (0.063, 0.970, -0.057); Drone position: (0.152, 0.909, -0.021)

57322985 Setpoint: (0.053, 0.977, -0.057); Drone position: (0.141, 0.912, -0.018)

57323091 Setpoint: (0.041, 0.985, -0.057); Drone position: (0.130, 0.916, -0.016)

57323181 Setpoint: (0.031, 0.991, -0.057); Drone position: (0.122, 0.918, -0.015)

57323292 Setpoint: (0.018, 0.999, -0.057); Drone position: (0.107, 0.924, -0.014)

57323382 Setpoint: (0.008, 1.006, -0.057); Drone position: (0.099, 0.927, -0.013)

57323494 Setpoint: (-0.005, 1.013, -0.057); Drone position: (0.085, 0.934, -0.013)

57323583 Setpoint: (-0.016, 1.019, -0.057); Drone position: (0.078, 0.938, -0.013)

57323694 Setpoint: (-0.028, 1.027, -0.057); Drone position: (0.064, 0.946, -0.013)

57323783 Setpoint: (-0.038, 1.034, -0.057); Drone position: (0.057, 0.950, -0.013)

57323895 Setpoint: (-0.051, 1.042, -0.057); Drone position: (0.043, 0.959, -0.013)

57323984 Setpoint: (-0.062, 1.048, -0.057); Drone position: (0.033, 0.966, -0.014)

57324097 Setpoint: (-0.075, 1.056, -0.057); Drone position: (0.022, 0.974, -0.015)

57324185 Setpoint: (-0.085, 1.063, -0.057); Drone position: (0.012, 0.981, -0.015)

57324297 Setpoint: (-0.097, 1.071, -0.057); Drone position: (0.002, 0.989, -0.016)

57324387 Setpoint: (-0.108, 1.077, -0.057); Drone position: (-0.008, 0.997, -0.016)

57324499 Setpoint: (-0.120, 1.085, -0.057); Drone position: (-0.017, 1.005, -0.017)

57324588 Setpoint: (-0.130, 1.091, -0.057); Drone position: (-0.027, 1.013, -0.017)

57324700 Setpoint: (-0.143, 1.099, -0.057); Drone position: (-0.037, 1.021, -0.018)

57324792 Setpoint: (-0.154, 1.106, -0.057); Drone position: (-0.047, 1.029, -0.018)

57324900 Setpoint: (-0.166, 1.114, -0.057); Drone position: (-0.057, 1.036, -0.018)

57324992 Setpoint: (-0.176, 1.120, -0.057); Drone position: (-0.066, 1.044, -0.018)

57325101 Setpoint: (-0.189, 1.128, -0.057); Drone position: (-0.076, 1.052, -0.017)

57325192 Setpoint: (-0.199, 1.134, -0.057); Drone position: (-0.085, 1.060, -0.017)

57325290 Setpoint: (-0.210, 1.141, -0.057); Drone position: (-0.095, 1.068, -0.017)

57325392 Setpoint: (-0.222, 1.148, -0.057); Drone position: (-0.104, 1.075, -0.018)

57325482 Setpoint: (-0.232, 1.154, -0.057); Drone position: (-0.110, 1.080, -0.018)

57325592 Setpoint: (-0.244, 1.162, -0.057); Drone position: (-0.123, 1.090, -0.019)

57325683 Setpoint: (-0.254, 1.169, -0.057); Drone position: (-0.129, 1.095, -0.019)

57325793 Setpoint: (-0.266, 1.179, -0.056); Drone position: (-0.141, 1.104, -0.020)

57325885 Setpoint: (-0.275, 1.188, -0.056); Drone position: (-0.150, 1.112, -0.021)

57325999 Setpoint: (-0.287, 1.199, -0.056); Drone position: (-0.159, 1.119, -0.023)

57326084 Setpoint: (-0.295, 1.208, -0.056); Drone position: (-0.167, 1.126, -0.024)

57326197 Setpoint: (-0.305, 1.220, -0.056); Drone position: (-0.176, 1.133, -0.025)

57326287 Setpoint: (-0.313, 1.230, -0.056); Drone position: (-0.185, 1.141, -0.027)

57326397 Setpoint: (-0.321, 1.242, -0.056); Drone position: (-0.195, 1.149, -0.028)

57326487 Setpoint: (-0.325, 1.252, -0.056); Drone position: (-0.204, 1.157, -0.029)

57326600 Setpoint: (-0.325, 1.265, -0.056); Drone position: (-0.214, 1.165, -0.030)

57326695 Setpoint: (-0.325, 1.276, -0.056); Drone position: (-0.224, 1.174, -0.032)

57326791 Setpoint: (-0.325, 1.287, -0.056); Drone position: (-0.235, 1.184, -0.034)

57326900 Setpoint: (-0.322, 1.299, -0.056); Drone position: (-0.245, 1.193, -0.035)

57326990 Setpoint: (-0.316, 1.310, -0.056); Drone position: (-0.255, 1.203, -0.037)

57327101 Setpoint: (-0.308, 1.323, -0.056); Drone position: (-0.264, 1.213, -0.038)

57327192 Setpoint: (-0.301, 1.333, -0.056); Drone position: (-0.274, 1.223, -0.039)

57327302 Setpoint: (-0.293, 1.346, -0.056); Drone position: (-0.282, 1.233, -0.041)

57327392 Setpoint: (-0.285, 1.357, -0.056); Drone position: (-0.290, 1.244, -0.043)

57327480 Setpoint: (-0.278, 1.368, -0.056); Drone position: (-0.295, 1.251, -0.044)

57327594 Setpoint: (-0.269, 1.381, -0.056); Drone position: (-0.303, 1.266, -0.047)

57327683 Setpoint: (-0.261, 1.392, -0.056); Drone position: (-0.307, 1.274, -0.049)

57327793 Setpoint: (-0.251, 1.405, -0.056); Drone position: (-0.312, 1.289, -0.052)

57327883 Setpoint: (-0.242, 1.416, -0.055); Drone position: (-0.314, 1.297, -0.053)

57327996 Setpoint: (-0.232, 1.430, -0.055); Drone position: (-0.316, 1.313, -0.055)

57328085 Setpoint: (-0.223, 1.441, -0.055); Drone position: (-0.316, 1.326, -0.058)

57328195 Setpoint: (-0.213, 1.455, -0.055); Drone position: (-0.315, 1.338, -0.059)

57328284 Setpoint: (-0.204, 1.466, -0.055); Drone position: (-0.313, 1.346, -0.061)

57328398 Setpoint: (-0.193, 1.480, -0.055); Drone position: (-0.309, 1.362, -0.063)

57328487 Setpoint: (-0.184, 1.491, -0.055); Drone position: (-0.304, 1.374, -0.065)

57328598 Setpoint: (-0.173, 1.504, -0.055); Drone position: (-0.298, 1.386, -0.066)

57328689 Setpoint: (-0.164, 1.515, -0.055); Drone position: (-0.292, 1.398, -0.068)

57328800 Setpoint: (-0.153, 1.527, -0.055); Drone position: (-0.284, 1.411, -0.069)

57328892 Setpoint: (-0.144, 1.537, -0.055); Drone position: (-0.275, 1.422, -0.071)

57328988 Setpoint: (-0.134, 1.547, -0.055); Drone position: (-0.266, 1.434, -0.072)

57329077 Setpoint: (-0.124, 1.555, -0.055); Drone position: (-0.259, 1.443, -0.073)

57329179 Setpoint: (-0.113, 1.565, -0.055); Drone position: (-0.248, 1.454, -0.075)

57329279 Setpoint: (-0.102, 1.573, -0.055); Drone position: (-0.236, 1.466, -0.076)

57329378 Setpoint: (-0.091, 1.582, -0.055); Drone position: (-0.224, 1.478, -0.078)

57329480 Setpoint: (-0.080, 1.590, -0.055); Drone position: (-0.211, 1.489, -0.080)

57329582 Setpoint: (-0.068, 1.598, -0.055); Drone position: (-0.197, 1.500, -0.082)

57329683 Setpoint: (-0.057, 1.604, -0.054); Drone position: (-0.182, 1.511, -0.084)

57329780 Setpoint: (-0.046, 1.611, -0.054); Drone position: (-0.167, 1.521, -0.085)

57329886 Setpoint: (-0.034, 1.617, -0.054); Drone position: (-0.147, 1.534, -0.087)

57329994 Setpoint: (-0.021, 1.623, -0.054); Drone position: (-0.132, 1.543, -0.087)

57330084 Setpoint: (-0.011, 1.625, -0.054); Drone position: (-0.121, 1.550, -0.088)

57330194 Setpoint: (0.002, 1.625, -0.054); Drone position: (-0.101, 1.561, -0.089)

57330284 Setpoint: (0.012, 1.625, -0.054); Drone position: (-0.085, 1.570, -0.089)

57330395 Setpoint: (0.025, 1.625, -0.054); Drone position: (-0.070, 1.578, -0.089)

57330485 Setpoint: (0.035, 1.625, -0.054); Drone position: (-0.055, 1.585, -0.090)

57330598 Setpoint: (0.048, 1.625, -0.054); Drone position: (-0.041, 1.591, -0.090)

57330687 Setpoint: (0.059, 1.625, -0.054); Drone position: (-0.027, 1.597, -0.090)

57330800 Setpoint: (0.071, 1.624, -0.054); Drone position: (-0.013, 1.602, -0.090)

57330889 Setpoint: (0.082, 1.624, -0.054); Drone position: (0.000, 1.605, -0.090)

57330999 Setpoint: (0.094, 1.624, -0.054); Drone position: (0.013, 1.609, -0.090)

57331089 Setpoint: (0.105, 1.624, -0.054); Drone position: (0.025, 1.612, -0.091)

57331200 Setpoint: (0.117, 1.624, -0.054); Drone position: (0.037, 1.614, -0.092)

57331292 Setpoint: (0.128, 1.624, -0.054); Drone position: (0.048, 1.616, -0.093)

57331401 Setpoint: (0.134, 1.624, -0.054); Drone position: (0.059, 1.617, -0.093)

57331492 Setpoint: (0.134, 1.624, -0.054); Drone position: (0.069, 1.617, -0.093)

57331581 Setpoint: (0.134, 1.624, -0.054); Drone position: (0.076, 1.617, -0.093)

57331693 Setpoint: (0.134, 1.624, -0.054); Drone position: (0.087, 1.617, -0.093)

57331782 Setpoint: (0.134, 1.624, -0.054); Drone position: (0.092, 1.617, -0.092)

57331888 Setpoint: (0.134, 1.624, -0.054); Drone position: (0.101, 1.616, -0.092)

57332000 Setpoint: (0.134, 1.624, -0.054); Drone position: (0.106, 1.616, -0.091)

57332087 Setpoint: (0.134, 1.624, -0.054); Drone position: (0.109, 1.616, -0.091)

57332200 Setpoint: (0.134, 1.624, -0.054); Drone position: (0.112, 1.616, -0.090)

57332300 Setpoint: (0.112, 1.616, -0.090); Drone position: (0.114, 1.616, -0.090)

57332400 Setpoint: (0.114, 1.616, -0.090); Drone position: (0.114, 1.617, -0.089)

57332490 Setpoint: (0.114, 1.616, -0.090); Drone position: (0.114, 1.615, -0.089)

57332596 Setpoint: (0.114, 1.616, -0.090); Drone position: (0.114, 1.608, -0.089)

57332699 Setpoint: (0.114, 1.616, -0.090); Drone position: (0.112, 1.592, -0.089)

57332793 Setpoint: (0.114, 1.616, -0.090); Drone position: (0.110, 1.564, -0.089)

57332887 Setpoint: (0.114, 1.616, -0.090); Drone position: (0.108, 1.523, -0.089)

57332999 Setpoint: (0.114, 1.616, -0.090); Drone position: (0.105, 1.472, -0.089)

57333090 Setpoint: (0.114, 1.616, -0.090); Drone position: (0.102, 1.412, -0.089)

57333200 Setpoint: (0.114, 1.616, -0.090); Drone position: (0.099, 1.348, -0.089)

57333290 Setpoint: (0.114, 1.616, -0.090); Drone position: (0.096, 1.281, -0.089)

57333401 Setpoint: (0.114, 1.616, -0.090); Drone position: (0.094, 1.212, -0.089)

57333492 Setpoint: (0.114, 1.616, -0.090); Drone position: (0.092, 1.140, -0.088)

57333579 Setpoint: (0.114, 1.616, -0.090); Drone position: (0.090, 1.090, -0.088)

57333692 Setpoint: (0.114, 1.616, -0.090); Drone position: (0.087, 0.990, -0.088)

57333781 Setpoint: (0.114, 1.616, -0.090); Drone position: (0.085, 0.937, -0.087)

57333892 Setpoint: (0.114, 1.616, -0.090); Drone position: (0.082, 0.834, -0.086)

57333983 Setpoint: (0.114, 1.616, -0.090); Drone position: (0.080, 0.781, -0.085)

57334094 Setpoint: (0.114, 1.616, -0.090); Drone position: (0.077, 0.678, -0.083)

57334192 Setpoint: (0.114, 1.616, -0.090); Drone position: (0.076, 0.600, -0.083)

57334295 Setpoint: (0.114, 1.616, -0.090); Drone position: (0.075, 0.522, -0.082)

57334384 Setpoint: (0.114, 1.616, -0.090); Drone position: (0.074, 0.445, -0.081)

57334496 Setpoint: (0.114, 1.616, -0.090); Drone position: (0.073, 0.369, -0.081)

57334586 Setpoint: (0.114, 1.616, -0.090); Drone position: (0.072, 0.293, -0.081)

57334697 Setpoint: (0.114, 1.616, -0.090); Drone position: (0.071, 0.219, -0.081)

57334785 Setpoint: (0.114, 1.616, -0.090); Drone position: (0.071, 0.169, -0.081)

57334898 Setpoint: (0.114, 1.616, -0.090); Drone position: (0.072, 0.072, -0.081)

57334989 Setpoint: (0.114, 1.616, -0.090); Drone position: (0.072, 0.023, -0.080)

57335099 Setpoint: (0.114, 1.616, -0.090); Drone position: (0.073, -0.071, -0.080)

57335187 Setpoint: (0.114, 1.616, -0.090); Drone position: (0.073, -0.128, -0.079)

57335298 Setpoint: (0.114, 1.616, -0.090); Drone position: (0.073, -0.166, -0.078)

57335388 Setpoint: (0.114, 1.616, -0.090); Drone position: (0.073, -0.192, -0.078)

