Unity data 
0 
0 
0 
0 
0 
0 
0 
0 
0 
0 
0 
0 
0 
0 
0 
0 
0 
0 
0 
0 
0 
0 
0 
0 
0 
0 
0 
0 
0 
0 
0 
0 
0 
0 
0 
0 
0 
0 
0 
0 
0 
0 
0 
0 
0 
0 
0 
0 
0 
0 
0 
0 
0 
0 
0 
0 
0 
0 
0 
0 
0 
0 
0 
0 
0 
0 
0 
0 
0 
0 
0 
0 
0 
0 
0 
0 
0 
0 
0 
0 
0 
0 
0 
0 
0 
0 
0 
0 
0 
0 
0 
0 
0 
0 
0 
0 
0 
0 
0 
0 
0 
0 
0 
0 
0 
0 
0 
0 
0 
0 
0 
0 
0 
0 
0 
0 
0 
0 
0 
0 
0 
0 
0 
0 
0 
0 
0 
0 
0 
0 
0 
0 
0 
0 
0 
0 
0 
0 
0 
0 
0 
0 
0 
0 
0 
0 
0 
0 
0 
0 
0 
0 
0 
0 
0 
0 
0 
0 
0 
0 
0 
0 
0 
0 
0 
0 
0 
0 
0 
0 
0 
0 
0 
0 
0 
0 
0 
0 
0 
0 
0 
0 
0 
0 
0 
0 
0 
0 
0 
0 
0 
0 
0 
0 
0 
0 
0 
0 
0 
0 
0 
0 
0 
0 
0 
0 
0 
0 
0 
0 
0 
0 
0 
0 
0 
0 
0 
0 
0 
0 
0 
0 
0 
0 
0 
0 
0 
0 
0 
0 
0 
0 
0 
0 
0 
0 
0 
0 
0 
0 
0 
0 
0 
0 
0 
0 
0 
0 
0 
0 
0 
0 
0 
0 
0 
0 
0 
0 
0 
0 
0 
0 
0 
0 
0 
0 
0 
0 
0 
0 
0 
0 
0 
0 
0 
0 
0 
0 
0 
0 
0 
0 
0 
0 
0 
0 
0 
0 
0 
0 
0 
0 
0 
0 
0 
0 
0 
0 
0 
0 
0 
0 
0 
0 
0 
0 
0 
0 
0 
0 
0 
0 
0 
0 
0 
0 
0 
0 
0 
0 
0 
0 
0 
0 
0 
0 
0 
0 
0 
0 
0 
0 
0 
0 
0 
0 
0 
0 
0 
0 
0 
0 
0 
0 
0 
0 
0 
0 
0 
0 
0 
0 
0 
0 
0 
0 
0 
0 
0 
0 
0 
0 
0 
0 
0 
0 
0 
0 
0 
0 
0 
0 
0 
0 
0 
0 
0 
0 
0 
0 
0 
0 
0 
0 
0 
0 
0 
0 
0 
0 
0 
0 
0 
0 
0 
0 
0 
0 
0 
0 
0 
0 
0 
0 
0 
0 
0 
0 
0 
0 
0 
0 
0 
0 
0 
0 
0 
0 
0 
0 
0 
0 
0 
0 
0 
0 
0 
0 
0 
0 
0 
0 
0 
0 
0 
0 
0 
0 
0 
0 
0 
0 
0 
0 
0 
0 
0 
0 
0 
0 
0 
0 
0 
0 
0 
0 
0 
0 
0 
0 
0 
0 
0 
0 
0 
0 
0 
0 
0 
0 
0 
0 
0 
0 
0 
0 
0 
0 
0 
0 
0 
0 
0 
0 
0 
0 
0 
0 
0 
0 
0 
0 
0 
0 
0 
0 
0 
0 
0 
0 
0 
0 
0 
0 
0 
0 
0 
0 
0 
0 
0 
0 
0 
0 
0 
0 
0 
0 
0 
0 
0 
0 
0 
0 
0 
0 
0 
0 
0 
0 
0 
0 
0 
0 
0 
0 
0 
0 
0 
0 
0 
0 
0 
0 
0 
0 
0 
0 
0 
0 
0 
0 
0 
0 
0 
0 
0 
0 
0 
0 
0 
0 
0 
0 
0 
0 
0 
0 
0 
0 
0 
0 
0 
0 
0 
0 
0 
0 
0 
0 
0 
0 
0 
0 
0 
0 
0 
50668860 Setpoint: (0.822, 1.521, 0.956); Drone position: (0.781, 1.578, 0.965)

50668982 Setpoint: (0.781, 1.578, 0.965); Drone position: (0.729, 1.620, 0.976)

50669083 Setpoint: (0.729, 1.620, 0.976); Drone position: (0.666, 1.638, 0.991)

50669174 Setpoint: (0.666, 1.638, 0.991); Drone position: (0.595, 1.632, 1.007)

50669265 Setpoint: (0.595, 1.632, 1.007); Drone position: (0.523, 1.611, 1.024)

50669369 Setpoint: (0.523, 1.611, 1.024); Drone position: (0.478, 1.593, 1.035)

50669477 Setpoint: (0.478, 1.593, 1.035); Drone position: (0.368, 1.539, 1.062)

50669562 Setpoint: (0.368, 1.539, 1.062); Drone position: (0.320, 1.512, 1.074)

50669688 Setpoint: (0.320, 1.512, 1.074); Drone position: (0.235, 1.464, 1.096)

50669790 Setpoint: (0.235, 1.464, 1.096); Drone position: (0.141, 1.409, 1.121)

50669888 Setpoint: (0.141, 1.409, 1.121); Drone position: (0.076, 1.370, 1.138)

50669978 Setpoint: (0.076, 1.370, 1.138); Drone position: (0.019, 1.338, 1.154)

50670076 Setpoint: (0.019, 1.338, 1.154); Drone position: (-0.016, 1.319, 1.164)

50670159 Setpoint: (-0.016, 1.319, 1.164); Drone position: (-0.043, 1.306, 1.172)

50670262 Setpoint: (-0.043, 1.306, 1.172); Drone position: (-0.091, 1.284, 1.187)

50670386 Setpoint: (-0.091, 1.284, 1.187); Drone position: (-0.120, 1.273, 1.196)

50670487 Setpoint: (-0.120, 1.273, 1.196); Drone position: (-0.133, 1.270, 1.200)

50670572 Setpoint: (-0.133, 1.270, 1.200); Drone position: (-0.143, 1.268, 1.202)

50670639 Setpoint: (-0.143, 1.268, 1.202); Drone position: (-0.147, 1.267, 1.203)

50670755 Setpoint: (-0.147, 1.267, 1.203); Drone position: (-0.152, 1.269, 1.204)

50670863 Setpoint: (-0.152, 1.269, 1.204); Drone position: (-0.155, 1.274, 1.201)

50670969 Setpoint: (-0.155, 1.274, 1.201); Drone position: (-0.153, 1.279, 1.198)

50671067 Setpoint: (-0.153, 1.279, 1.198); Drone position: (-0.149, 1.284, 1.193)

50671170 Setpoint: (-0.149, 1.284, 1.193); Drone position: (-0.144, 1.289, 1.187)

50671270 Setpoint: (-0.144, 1.289, 1.187); Drone position: (-0.144, 1.289, 1.187)

50671384 Setpoint: (-0.144, 1.289, 1.187); Drone position: (-0.141, 1.292, 1.184)

50671477 Setpoint: (-0.141, 1.292, 1.184); Drone position: (-0.122, 1.306, 1.161)

50671561 Setpoint: (-0.122, 1.306, 1.161); Drone position: (-0.092, 1.326, 1.123)

50671691 Setpoint: (-0.092, 1.326, 1.123); Drone position: (-0.075, 1.339, 1.099)

50671760 Setpoint: (-0.075, 1.339, 1.099); Drone position: (-0.066, 1.349, 1.082)

50671874 Setpoint: (-0.066, 1.349, 1.082); Drone position: (-0.057, 1.360, 1.062)

50671970 Setpoint: (-0.057, 1.360, 1.062); Drone position: (-0.054, 1.372, 1.046)

50672061 Setpoint: (-0.054, 1.372, 1.046); Drone position: (-0.056, 1.383, 1.033)

50672160 Setpoint: (-0.056, 1.383, 1.033); Drone position: (-0.061, 1.390, 1.025)

50672272 Setpoint: (-0.061, 1.390, 1.025); Drone position: (-0.079, 1.402, 1.019)

50672375 Setpoint: (-0.079, 1.402, 1.019); Drone position: (-0.091, 1.408, 1.020)

50672471 Setpoint: (-0.091, 1.408, 1.020); Drone position: (-0.106, 1.413, 1.022)

50672579 Setpoint: (-0.106, 1.413, 1.022); Drone position: (-0.121, 1.417, 1.027)

50672672 Setpoint: (-0.121, 1.417, 1.027); Drone position: (-0.137, 1.420, 1.032)

50672774 Setpoint: (-0.137, 1.420, 1.032); Drone position: (-0.147, 1.421, 1.037)

50672880 Setpoint: (-0.147, 1.421, 1.037); Drone position: (-0.159, 1.423, 1.042)

50672973 Setpoint: (-0.159, 1.423, 1.042); Drone position: (-0.166, 1.424, 1.045)

50673072 Setpoint: (-0.166, 1.424, 1.045); Drone position: (-0.176, 1.425, 1.050)

50673183 Setpoint: (-0.176, 1.425, 1.050); Drone position: (-0.189, 1.427, 1.056)

50673270 Setpoint: (-0.189, 1.427, 1.056); Drone position: (-0.199, 1.428, 1.062)

50673379 Setpoint: (-0.199, 1.428, 1.062); Drone position: (-0.227, 1.430, 1.078)

50673465 Setpoint: (-0.227, 1.430, 1.078); Drone position: (-0.242, 1.431, 1.086)

50673574 Setpoint: (-0.242, 1.431, 1.086); Drone position: (-0.266, 1.433, 1.100)

50673664 Setpoint: (-0.266, 1.433, 1.100); Drone position: (-0.279, 1.434, 1.107)

50673751 Setpoint: (-0.279, 1.434, 1.107); Drone position: (-0.290, 1.434, 1.113)

50673875 Setpoint: (-0.290, 1.434, 1.113); Drone position: (-0.301, 1.435, 1.118)

50673956 Setpoint: (-0.301, 1.435, 1.118); Drone position: (-0.306, 1.435, 1.121)

50674078 Setpoint: (-0.306, 1.435, 1.121); Drone position: (-0.320, 1.436, 1.127)

50674157 Setpoint: (-0.320, 1.436, 1.127); Drone position: (-0.322, 1.436, 1.128)

50674245 Setpoint: (-0.322, 1.436, 1.128); Drone position: (-0.327, 1.437, 1.129)

50674361 Setpoint: (-0.327, 1.437, 1.129); Drone position: (-0.333, 1.437, 1.131)

50674482 Setpoint: (-0.333, 1.437, 1.131); Drone position: (-0.336, 1.438, 1.131)

50674576 Setpoint: (-0.336, 1.438, 1.131); Drone position: (-0.336, 1.438, 1.130)

50674682 Setpoint: (-0.336, 1.438, 1.130); Drone position: (-0.337, 1.439, 1.129)

50674767 Setpoint: (-0.337, 1.439, 1.129); Drone position: (-0.337, 1.439, 1.129)

50674863 Setpoint: (-0.337, 1.439, 1.129); Drone position: (-0.336, 1.441, 1.126)

50674963 Setpoint: (-0.336, 1.441, 1.126); Drone position: (-0.335, 1.442, 1.123)

50675083 Setpoint: (-0.335, 1.442, 1.123); Drone position: (-0.331, 1.442, 1.119)

50675173 Setpoint: (-0.331, 1.442, 1.119); Drone position: (-0.327, 1.442, 1.116)

50675287 Setpoint: (-0.327, 1.442, 1.116); Drone position: (-0.323, 1.443, 1.114)

50675381 Setpoint: (-0.323, 1.443, 1.114); Drone position: (-0.319, 1.443, 1.112)

50675487 Setpoint: (-0.319, 1.443, 1.112); Drone position: (-0.315, 1.444, 1.111)

50675577 Setpoint: (-0.315, 1.444, 1.111); Drone position: (-0.310, 1.445, 1.110)

50675660 Setpoint: (-0.310, 1.445, 1.110); Drone position: (-0.303, 1.447, 1.108)

50675772 Setpoint: (-0.303, 1.447, 1.108); Drone position: (-0.298, 1.448, 1.108)

50675888 Setpoint: (-0.298, 1.448, 1.108); Drone position: (-0.293, 1.450, 1.108)

50675967 Setpoint: (-0.293, 1.450, 1.108); Drone position: (-0.290, 1.450, 1.108)

50676063 Setpoint: (-0.290, 1.450, 1.108); Drone position: (-0.282, 1.451, 1.110)

50676154 Setpoint: (-0.282, 1.451, 1.110); Drone position: (-0.279, 1.451, 1.111)

50676266 Setpoint: (-0.279, 1.451, 1.111); Drone position: (-0.273, 1.451, 1.113)

50676370 Setpoint: (-0.273, 1.451, 1.113); Drone position: (-0.268, 1.451, 1.116)

50676480 Setpoint: (-0.268, 1.451, 1.116); Drone position: (-0.262, 1.449, 1.121)

50676562 Setpoint: (-0.262, 1.449, 1.121); Drone position: (-0.261, 1.448, 1.123)

50676681 Setpoint: (-0.261, 1.448, 1.123); Drone position: (-0.257, 1.445, 1.129)

50676775 Setpoint: (-0.257, 1.445, 1.129); Drone position: (-0.255, 1.444, 1.131)

50676878 Setpoint: (-0.255, 1.444, 1.131); Drone position: (-0.253, 1.440, 1.136)

50676961 Setpoint: (-0.253, 1.440, 1.136); Drone position: (-0.252, 1.439, 1.139)

50677071 Setpoint: (-0.252, 1.439, 1.139); Drone position: (-0.252, 1.436, 1.143)

50677175 Setpoint: (-0.252, 1.436, 1.143); Drone position: (-0.252, 1.434, 1.145)

50677270 Setpoint: (-0.252, 1.434, 1.145); Drone position: (-0.255, 1.432, 1.149)

50677372 Setpoint: (-0.255, 1.432, 1.149); Drone position: (-0.256, 1.432, 1.151)

50677478 Setpoint: (-0.256, 1.432, 1.151); Drone position: (-0.260, 1.433, 1.153)

50677564 Setpoint: (-0.260, 1.433, 1.153); Drone position: (-0.262, 1.435, 1.154)

50677660 Setpoint: (-0.262, 1.435, 1.154); Drone position: (-0.266, 1.438, 1.156)

50677775 Setpoint: (-0.266, 1.438, 1.156); Drone position: (-0.270, 1.441, 1.157)

50677877 Setpoint: (-0.270, 1.441, 1.157); Drone position: (-0.273, 1.445, 1.157)

50677979 Setpoint: (-0.273, 1.445, 1.157); Drone position: (-0.276, 1.448, 1.157)

50678090 Setpoint: (-0.276, 1.448, 1.157); Drone position: (-0.279, 1.452, 1.157)

50678183 Setpoint: (-0.279, 1.452, 1.157); Drone position: (-0.283, 1.457, 1.156)

50678265 Setpoint: (-0.283, 1.457, 1.156); Drone position: (-0.286, 1.462, 1.155)

50678372 Setpoint: (-0.286, 1.462, 1.155); Drone position: (-0.290, 1.468, 1.153)

50678474 Setpoint: (-0.290, 1.468, 1.153); Drone position: (-0.294, 1.473, 1.150)

50678580 Setpoint: (-0.294, 1.473, 1.150); Drone position: (-0.295, 1.476, 1.149)

50678670 Setpoint: (-0.295, 1.476, 1.149); Drone position: (-0.297, 1.479, 1.148)

50678758 Setpoint: (-0.297, 1.479, 1.148); Drone position: (-0.298, 1.481, 1.147)

50678880 Setpoint: (-0.298, 1.481, 1.147); Drone position: (-0.301, 1.484, 1.146)

50678950 Setpoint: (-0.301, 1.484, 1.146); Drone position: (-0.301, 1.484, 1.146)

50679063 Setpoint: (-0.301, 1.484, 1.146); Drone position: (-0.302, 1.486, 1.145)

50679165 Setpoint: (-0.302, 1.486, 1.145); Drone position: (-0.305, 1.489, 1.144)

50679289 Setpoint: (-0.305, 1.489, 1.144); Drone position: (-0.307, 1.491, 1.144)

50679378 Setpoint: (-0.307, 1.491, 1.144); Drone position: (-0.309, 1.492, 1.144)

50679464 Setpoint: (-0.309, 1.492, 1.144); Drone position: (-0.309, 1.492, 1.144)

50679572 Setpoint: (-0.309, 1.492, 1.144); Drone position: (-0.309, 1.493, 1.144)

50679675 Setpoint: (-0.309, 1.493, 1.144); Drone position: (-0.308, 1.492, 1.142)

50679764 Setpoint: (-0.308, 1.492, 1.142); Drone position: (-0.306, 1.493, 1.141)

50679881 Setpoint: (-0.306, 1.493, 1.141); Drone position: (-0.303, 1.495, 1.139)

50679981 Setpoint: (-0.303, 1.495, 1.139); Drone position: (-0.301, 1.498, 1.138)

50680085 Setpoint: (-0.301, 1.498, 1.138); Drone position: (-0.298, 1.500, 1.136)

50680142 Setpoint: (-0.298, 1.500, 1.136); Drone position: (-0.296, 1.501, 1.136)

50680262 Setpoint: (-0.296, 1.501, 1.136); Drone position: (-0.291, 1.504, 1.132)

50680366 Setpoint: (-0.291, 1.504, 1.132); Drone position: (-0.288, 1.506, 1.129)

50680466 Setpoint: (-0.288, 1.506, 1.129); Drone position: (-0.284, 1.508, 1.127)

50680566 Setpoint: (-0.284, 1.508, 1.127); Drone position: (-0.283, 1.508, 1.126)

50680697 Setpoint: (-0.283, 1.508, 1.126); Drone position: (-0.277, 1.510, 1.121)

50680772 Setpoint: (-0.277, 1.510, 1.121); Drone position: (-0.276, 1.510, 1.120)

50680865 Setpoint: (-0.276, 1.510, 1.120); Drone position: (-0.273, 1.510, 1.117)

50680955 Setpoint: (-0.273, 1.510, 1.117); Drone position: (-0.270, 1.509, 1.114)

50681079 Setpoint: (-0.270, 1.509, 1.114); Drone position: (-0.266, 1.505, 1.109)

50681229 Setpoint: (-0.266, 1.505, 1.109); Drone position: (-0.265, 1.502, 1.106)

50681297 Setpoint: (-0.265, 1.502, 1.106); Drone position: (-0.264, 1.501, 1.106)

50681366 Setpoint: (-0.264, 1.501, 1.106); Drone position: (-0.263, 1.495, 1.101)

50681484 Setpoint: (-0.263, 1.495, 1.101); Drone position: (-0.263, 1.492, 1.099)

50681588 Setpoint: (-0.263, 1.492, 1.099); Drone position: (-0.263, 1.489, 1.098)

50681663 Setpoint: (-0.263, 1.489, 1.098); Drone position: (-0.263, 1.489, 1.098)

50681786 Setpoint: (-0.263, 1.489, 1.098); Drone position: (-0.263, 1.485, 1.097)

50681866 Setpoint: (-0.263, 1.485, 1.097); Drone position: (-0.263, 1.485, 1.097)

50681962 Setpoint: (-0.263, 1.485, 1.097); Drone position: (-0.262, 1.480, 1.097)

50682061 Setpoint: (-0.262, 1.480, 1.097); Drone position: (-0.262, 1.477, 1.099)

50682169 Setpoint: (-0.262, 1.477, 1.099); Drone position: (-0.261, 1.474, 1.101)

50682278 Setpoint: (-0.261, 1.474, 1.101); Drone position: (-0.261, 1.473, 1.102)

50682378 Setpoint: (-0.261, 1.473, 1.102); Drone position: (-0.260, 1.472, 1.104)

50682473 Setpoint: (-0.260, 1.472, 1.104); Drone position: (-0.258, 1.469, 1.107)

50682588 Setpoint: (-0.258, 1.469, 1.107); Drone position: (-0.256, 1.467, 1.109)

50682675 Setpoint: (-0.256, 1.467, 1.109); Drone position: (-0.256, 1.467, 1.109)

50682776 Setpoint: (-0.256, 1.467, 1.109); Drone position: (-0.256, 1.468, 1.110)

50682874 Setpoint: (-0.256, 1.468, 1.110); Drone position: (-0.255, 1.470, 1.110)

50682978 Setpoint: (-0.255, 1.470, 1.110); Drone position: (-0.255, 1.471, 1.109)

50683074 Setpoint: (-0.255, 1.471, 1.109); Drone position: (-0.255, 1.474, 1.109)

50683171 Setpoint: (-0.255, 1.474, 1.109); Drone position: (-0.255, 1.475, 1.107)

50683270 Setpoint: (-0.255, 1.475, 1.107); Drone position: (-0.257, 1.477, 1.105)

50683370 Setpoint: (-0.257, 1.477, 1.105); Drone position: (-0.260, 1.478, 1.103)

50683464 Setpoint: (-0.260, 1.478, 1.103); Drone position: (-0.261, 1.479, 1.103)

50683572 Setpoint: (-0.261, 1.479, 1.103); Drone position: (-0.264, 1.479, 1.101)

50683674 Setpoint: (-0.264, 1.479, 1.101); Drone position: (-0.264, 1.479, 1.101)

50683764 Setpoint: (-0.264, 1.479, 1.101); Drone position: (-0.264, 1.479, 1.101)

50683864 Setpoint: (-0.264, 1.479, 1.101); Drone position: (-0.268, 1.480, 1.099)

50683988 Setpoint: (-0.268, 1.480, 1.099); Drone position: (-0.270, 1.481, 1.098)

50684078 Setpoint: (-0.270, 1.481, 1.098); Drone position: (-0.270, 1.481, 1.098)

50684165 Setpoint: (-0.270, 1.481, 1.098); Drone position: (-0.271, 1.482, 1.098)

50684280 Setpoint: (-0.271, 1.482, 1.098); Drone position: (-0.272, 1.482, 1.097)

50684378 Setpoint: (-0.272, 1.482, 1.097); Drone position: (-0.275, 1.482, 1.097)

50684464 Setpoint: (-0.275, 1.482, 1.097); Drone position: (-0.275, 1.482, 1.097)

50684581 Setpoint: (-0.278, 1.482, 1.096); Drone position: (-0.278, 1.482, 1.096)

50684678 Setpoint: (-0.285, 1.482, 1.096); Drone position: (-0.285, 1.482, 1.096)

50684776 Setpoint: (-0.287, 1.481, 1.096); Drone position: (-0.287, 1.481, 1.096)

50684879 Setpoint: (-0.287, 1.481, 1.096); Drone position: (-0.287, 1.481, 1.096)

50684980 Setpoint: (-0.287, 1.481, 1.096); Drone position: (-0.287, 1.481, 1.096)

50685050 Setpoint: (-0.293, 1.480, 1.095); Drone position: (-0.293, 1.480, 1.095)

50685147 Setpoint: (-0.293, 1.480, 1.095); Drone position: (-0.293, 1.480, 1.095)

50685254 Setpoint: (-0.292, 1.478, 1.096); Drone position: (-0.292, 1.478, 1.096)

50685389 Setpoint: (-0.289, 1.477, 1.094); Drone position: (-0.289, 1.477, 1.094)

50685481 Setpoint: (-0.289, 1.477, 1.094); Drone position: (-0.289, 1.477, 1.094)

50685573 Setpoint: (-0.289, 1.477, 1.094); Drone position: (-0.289, 1.477, 1.094)

50685689 Setpoint: (-0.289, 1.477, 1.094); Drone position: (-0.289, 1.477, 1.094)

50685777 Setpoint: (-0.280, 1.475, 1.090); Drone position: (-0.280, 1.475, 1.090)

50685863 Setpoint: (-0.280, 1.475, 1.090); Drone position: (-0.280, 1.475, 1.090)

50685963 Setpoint: (-0.280, 1.475, 1.090); Drone position: (-0.280, 1.475, 1.090)

50686064 Setpoint: (-0.257, 1.469, 1.072); Drone position: (-0.257, 1.469, 1.072)

50686181 Setpoint: (-0.231, 1.465, 1.053); Drone position: (-0.231, 1.465, 1.053)

50686265 Setpoint: (-0.231, 1.465, 1.053); Drone position: (-0.231, 1.465, 1.053)

50686356 Setpoint: (-0.231, 1.465, 1.053); Drone position: (-0.231, 1.465, 1.053)

50686466 Setpoint: (-0.226, 1.468, 1.049); Drone position: (-0.226, 1.468, 1.049)

50686561 Setpoint: (-0.224, 1.470, 1.047); Drone position: (-0.224, 1.470, 1.047)

50686672 Setpoint: (-0.223, 1.472, 1.045); Drone position: (-0.223, 1.472, 1.045)

50686785 Setpoint: (-0.222, 1.475, 1.041); Drone position: (-0.222, 1.475, 1.041)

50686874 Setpoint: (-0.222, 1.476, 1.041); Drone position: (-0.222, 1.476, 1.041)

50686985 Setpoint: (-0.228, 1.476, 1.040); Drone position: (-0.228, 1.476, 1.040)

50687083 Setpoint: (-0.235, 1.473, 1.039); Drone position: (-0.235, 1.473, 1.039)

50687175 Setpoint: (-0.241, 1.469, 1.040); Drone position: (-0.241, 1.469, 1.040)

50687261 Setpoint: (-0.246, 1.466, 1.040); Drone position: (-0.246, 1.466, 1.040)

50687363 Setpoint: (-0.251, 1.463, 1.040); Drone position: (-0.251, 1.463, 1.040)

50687489 Setpoint: (-0.258, 1.459, 1.040); Drone position: (-0.258, 1.459, 1.040)

50687580 Setpoint: (-0.261, 1.457, 1.040); Drone position: (-0.261, 1.457, 1.040)

50687669 Setpoint: (-0.267, 1.455, 1.040); Drone position: (-0.267, 1.455, 1.040)

50687762 Setpoint: (-0.271, 1.455, 1.040); Drone position: (-0.271, 1.455, 1.040)

50687885 Setpoint: (-0.274, 1.454, 1.040); Drone position: (-0.274, 1.454, 1.040)

50687964 Setpoint: (-0.278, 1.452, 1.039); Drone position: (-0.278, 1.452, 1.039)

50688058 Setpoint: (-0.281, 1.451, 1.039); Drone position: (-0.281, 1.451, 1.039)

50688170 Setpoint: (-0.287, 1.452, 1.040); Drone position: (-0.287, 1.452, 1.040)

50688275 Setpoint: (-0.289, 1.452, 1.040); Drone position: (-0.289, 1.452, 1.040)

50688386 Setpoint: (-0.294, 1.454, 1.040); Drone position: (-0.294, 1.454, 1.040)

50688464 Setpoint: (-0.297, 1.456, 1.040); Drone position: (-0.297, 1.456, 1.040)

50688568 Setpoint: (-0.300, 1.456, 1.040); Drone position: (-0.300, 1.456, 1.040)

50688658 Setpoint: (-0.303, 1.457, 1.039); Drone position: (-0.303, 1.457, 1.039)

50688763 Setpoint: (-0.309, 1.457, 1.038); Drone position: (-0.309, 1.457, 1.038)

50688855 Setpoint: (-0.312, 1.457, 1.037); Drone position: (-0.312, 1.457, 1.037)

50688982 Setpoint: (-0.318, 1.458, 1.035); Drone position: (-0.318, 1.458, 1.035)

50689054 Setpoint: (-0.320, 1.458, 1.034); Drone position: (-0.320, 1.458, 1.034)

50689162 Setpoint: (-0.325, 1.459, 1.032); Drone position: (-0.325, 1.459, 1.032)

50689265 Setpoint: (-0.330, 1.461, 1.029); Drone position: (-0.330, 1.461, 1.029)

50689377 Setpoint: (-0.333, 1.461, 1.028); Drone position: (-0.333, 1.461, 1.028)

50689463 Setpoint: (-0.334, 1.461, 1.027); Drone position: (-0.334, 1.461, 1.027)

50689586 Setpoint: (-0.335, 1.461, 1.025); Drone position: (-0.335, 1.461, 1.025)

50689665 Setpoint: (-0.335, 1.461, 1.023); Drone position: (-0.335, 1.461, 1.023)

50689750 Setpoint: (-0.334, 1.461, 1.020); Drone position: (-0.334, 1.461, 1.020)

50689853 Setpoint: (-0.331, 1.462, 1.017); Drone position: (-0.331, 1.462, 1.017)

50689967 Setpoint: (-0.328, 1.462, 1.014); Drone position: (-0.328, 1.462, 1.014)

50690079 Setpoint: (-0.323, 1.464, 1.009); Drone position: (-0.323, 1.464, 1.009)

50690167 Setpoint: (-0.319, 1.464, 1.005); Drone position: (-0.319, 1.464, 1.005)

50690262 Setpoint: (-0.316, 1.464, 1.001); Drone position: (-0.316, 1.464, 1.001)

50690378 Setpoint: (-0.313, 1.464, 0.999); Drone position: (-0.313, 1.464, 0.999)

50690471 Setpoint: (-0.308, 1.464, 0.993); Drone position: (-0.308, 1.464, 0.993)

50690560 Setpoint: (-0.306, 1.463, 0.991); Drone position: (-0.306, 1.463, 0.991)

50690686 Setpoint: (-0.304, 1.463, 0.989); Drone position: (-0.304, 1.463, 0.989)

50690794 Setpoint: (-0.301, 1.463, 0.984); Drone position: (-0.301, 1.463, 0.984)

50690873 Setpoint: (-0.301, 1.461, 0.982); Drone position: (-0.301, 1.461, 0.982)

50690970 Setpoint: (-0.301, 1.461, 0.981); Drone position: (-0.301, 1.461, 0.981)

50691060 Setpoint: (-0.302, 1.457, 0.977); Drone position: (-0.302, 1.457, 0.977)

50691169 Setpoint: (-0.304, 1.456, 0.976); Drone position: (-0.304, 1.456, 0.976)

50691264 Setpoint: (-0.309, 1.457, 0.973); Drone position: (-0.309, 1.457, 0.973)

50691377 Setpoint: (-0.313, 1.457, 0.972); Drone position: (-0.313, 1.457, 0.972)

50691472 Setpoint: (-0.318, 1.458, 0.970); Drone position: (-0.318, 1.458, 0.970)

50691574 Setpoint: (-0.321, 1.458, 0.968); Drone position: (-0.321, 1.458, 0.968)

50691674 Setpoint: (-0.324, 1.458, 0.967); Drone position: (-0.324, 1.458, 0.967)

50691782 Setpoint: (-0.331, 1.459, 0.965); Drone position: (-0.331, 1.459, 0.965)

50691885 Setpoint: (-0.338, 1.458, 0.962); Drone position: (-0.338, 1.458, 0.962)

50691971 Setpoint: (-0.341, 1.458, 0.961); Drone position: (-0.341, 1.458, 0.961)

50692080 Setpoint: (-0.348, 1.458, 0.957); Drone position: (-0.348, 1.458, 0.957)

50692170 Setpoint: (-0.350, 1.458, 0.956); Drone position: (-0.350, 1.458, 0.956)

50692262 Setpoint: (-0.353, 1.457, 0.954); Drone position: (-0.353, 1.457, 0.954)

50692361 Setpoint: (-0.356, 1.457, 0.953); Drone position: (-0.356, 1.457, 0.953)

50692470 Setpoint: (-0.359, 1.454, 0.951); Drone position: (-0.359, 1.454, 0.951)

50692567 Setpoint: (-0.359, 1.453, 0.950); Drone position: (-0.359, 1.453, 0.950)

50692686 Setpoint: (-0.359, 1.451, 0.949); Drone position: (-0.359, 1.451, 0.949)

50692784 Setpoint: (-0.359, 1.451, 0.949); Drone position: (-0.359, 1.451, 0.949)

50692870 Setpoint: (-0.358, 1.448, 0.949); Drone position: (-0.358, 1.448, 0.949)

50692965 Setpoint: (-0.356, 1.447, 0.949); Drone position: (-0.356, 1.447, 0.949)

50693071 Setpoint: (-0.355, 1.445, 0.949); Drone position: (-0.355, 1.445, 0.949)

50693177 Setpoint: (-0.351, 1.442, 0.949); Drone position: (-0.351, 1.442, 0.949)

50693270 Setpoint: (-0.348, 1.440, 0.949); Drone position: (-0.348, 1.440, 0.949)

50693362 Setpoint: (-0.340, 1.434, 0.950); Drone position: (-0.340, 1.434, 0.950)

50693478 Setpoint: (-0.332, 1.430, 0.952); Drone position: (-0.332, 1.430, 0.952)

50693569 Setpoint: (-0.328, 1.428, 0.953); Drone position: (-0.328, 1.428, 0.953)

50693676 Setpoint: (-0.325, 1.428, 0.955); Drone position: (-0.325, 1.428, 0.955)

50693777 Setpoint: (-0.317, 1.429, 0.958); Drone position: (-0.317, 1.429, 0.958)

50693872 Setpoint: (-0.312, 1.429, 0.961); Drone position: (-0.312, 1.429, 0.961)

50693963 Setpoint: (-0.311, 1.429, 0.961); Drone position: (-0.311, 1.429, 0.961)

50694052 Setpoint: (-0.308, 1.430, 0.965); Drone position: (-0.308, 1.430, 0.965)

50694154 Setpoint: (-0.307, 1.430, 0.968); Drone position: (-0.307, 1.430, 0.968)

50694262 Setpoint: (-0.307, 1.431, 0.970); Drone position: (-0.307, 1.431, 0.970)

50694354 Setpoint: (-0.307, 1.432, 0.972); Drone position: (-0.307, 1.432, 0.972)

50694462 Setpoint: (-0.307, 1.434, 0.976); Drone position: (-0.307, 1.434, 0.976)

50694569 Setpoint: (-0.309, 1.436, 0.979); Drone position: (-0.309, 1.436, 0.979)

50694664 Setpoint: (-0.310, 1.437, 0.982); Drone position: (-0.310, 1.437, 0.982)

50694764 Setpoint: (-0.312, 1.438, 0.984); Drone position: (-0.312, 1.438, 0.984)

50694890 Setpoint: (-0.316, 1.440, 0.988); Drone position: (-0.316, 1.440, 0.988)

50694976 Setpoint: (-0.321, 1.440, 0.991); Drone position: (-0.321, 1.440, 0.991)

50695093 Setpoint: (-0.325, 1.438, 0.992); Drone position: (-0.325, 1.438, 0.992)

50695190 Setpoint: (-0.331, 1.436, 0.991); Drone position: (-0.331, 1.436, 0.991)

50695273 Setpoint: (-0.331, 1.436, 0.991); Drone position: (-0.331, 1.436, 0.991)

50695364 Setpoint: (-0.337, 1.434, 0.990); Drone position: (-0.337, 1.434, 0.990)

50695468 Setpoint: (-0.342, 1.432, 0.987); Drone position: (-0.342, 1.432, 0.987)

50695561 Setpoint: (-0.345, 1.431, 0.985); Drone position: (-0.345, 1.431, 0.985)

50695660 Setpoint: (-0.347, 1.431, 0.982); Drone position: (-0.347, 1.431, 0.982)

50695764 Setpoint: (-0.348, 1.431, 0.981); Drone position: (-0.348, 1.431, 0.981)

50695868 Setpoint: (-0.350, 1.432, 0.977); Drone position: (-0.350, 1.432, 0.977)

50695953 Setpoint: (-0.351, 1.432, 0.975); Drone position: (-0.351, 1.432, 0.975)

50696061 Setpoint: (-0.352, 1.433, 0.971); Drone position: (-0.352, 1.433, 0.971)

50696153 Setpoint: (-0.352, 1.433, 0.969); Drone position: (-0.352, 1.433, 0.969)

50696278 Setpoint: (-0.353, 1.433, 0.966); Drone position: (-0.353, 1.433, 0.966)

50696370 Setpoint: (-0.355, 1.433, 0.962); Drone position: (-0.355, 1.433, 0.962)

50696481 Setpoint: (-0.355, 1.433, 0.961); Drone position: (-0.355, 1.433, 0.961)

50696582 Setpoint: (-0.358, 1.435, 0.957); Drone position: (-0.358, 1.435, 0.957)

50696666 Setpoint: (-0.359, 1.436, 0.956); Drone position: (-0.359, 1.436, 0.956)

50696799 Setpoint: (-0.360, 1.437, 0.954); Drone position: (-0.360, 1.437, 0.954)

50696862 Setpoint: (-0.364, 1.440, 0.951); Drone position: (-0.364, 1.440, 0.951)

50696989 Setpoint: (-0.368, 1.443, 0.948); Drone position: (-0.368, 1.443, 0.948)

50697078 Setpoint: (-0.370, 1.445, 0.948); Drone position: (-0.370, 1.445, 0.948)

50697170 Setpoint: (-0.371, 1.446, 0.948); Drone position: (-0.371, 1.446, 0.948)

50697258 Setpoint: (-0.373, 1.449, 0.949); Drone position: (-0.373, 1.449, 0.949)

50697375 Setpoint: (-0.375, 1.451, 0.951); Drone position: (-0.375, 1.451, 0.951)

50697469 Setpoint: (-0.375, 1.452, 0.952); Drone position: (-0.375, 1.452, 0.952)

50697580 Setpoint: (-0.378, 1.454, 0.958); Drone position: (-0.378, 1.454, 0.958)

50697671 Setpoint: (-0.380, 1.454, 0.962); Drone position: (-0.380, 1.454, 0.962)

50697774 Setpoint: (-0.384, 1.454, 0.976); Drone position: (-0.384, 1.454, 0.976)

50697877 Setpoint: (-0.385, 1.454, 0.985); Drone position: (-0.385, 1.454, 0.985)

50697987 Setpoint: (-0.387, 1.454, 1.000); Drone position: (-0.387, 1.454, 1.000)

50698065 Setpoint: (-0.387, 1.454, 1.002); Drone position: (-0.387, 1.454, 1.002)

50698178 Setpoint: (-0.387, 1.455, 1.018); Drone position: (-0.387, 1.455, 1.018)

50698262 Setpoint: (-0.387, 1.455, 1.024); Drone position: (-0.387, 1.455, 1.024)

50698368 Setpoint: (-0.384, 1.454, 1.034); Drone position: (-0.384, 1.454, 1.034)

50698478 Setpoint: (-0.381, 1.455, 1.041); Drone position: (-0.381, 1.455, 1.041)

50698570 Setpoint: (-0.379, 1.456, 1.047); Drone position: (-0.379, 1.456, 1.047)

50698670 Setpoint: (-0.377, 1.457, 1.050); Drone position: (-0.377, 1.457, 1.050)

50698772 Setpoint: (-0.372, 1.461, 1.058); Drone position: (-0.372, 1.461, 1.058)

50698884 Setpoint: (-0.369, 1.465, 1.062); Drone position: (-0.369, 1.465, 1.062)

50698986 Setpoint: (-0.365, 1.470, 1.067); Drone position: (-0.365, 1.470, 1.067)

50699057 Setpoint: (-0.365, 1.470, 1.067); Drone position: (-0.365, 1.470, 1.067)

50699171 Setpoint: (-0.359, 1.478, 1.070); Drone position: (-0.359, 1.478, 1.070)

50699308 Setpoint: (-0.356, 1.482, 1.072); Drone position: (-0.356, 1.482, 1.072)

50699380 Setpoint: (-0.353, 1.487, 1.073); Drone position: (-0.353, 1.487, 1.073)

50699479 Setpoint: (-0.350, 1.491, 1.074); Drone position: (-0.350, 1.491, 1.074)

50699570 Setpoint: (-0.348, 1.494, 1.074); Drone position: (-0.348, 1.494, 1.074)

50699681 Setpoint: (-0.345, 1.498, 1.075); Drone position: (-0.345, 1.498, 1.075)

50699782 Setpoint: (-0.343, 1.502, 1.075); Drone position: (-0.343, 1.502, 1.075)

50699869 Setpoint: (-0.339, 1.506, 1.076); Drone position: (-0.339, 1.506, 1.076)

50699962 Setpoint: (-0.336, 1.511, 1.076); Drone position: (-0.336, 1.511, 1.076)

50700073 Setpoint: (-0.333, 1.516, 1.076); Drone position: (-0.333, 1.516, 1.076)

50700183 Setpoint: (-0.330, 1.521, 1.076); Drone position: (-0.330, 1.521, 1.076)

50700271 Setpoint: (-0.328, 1.525, 1.076); Drone position: (-0.328, 1.525, 1.076)

50700367 Setpoint: (-0.325, 1.531, 1.076); Drone position: (-0.325, 1.531, 1.076)

50700485 Setpoint: (-0.323, 1.534, 1.075); Drone position: (-0.323, 1.534, 1.075)

50700587 Setpoint: (-0.320, 1.537, 1.074); Drone position: (-0.320, 1.537, 1.074)

50700677 Setpoint: (-0.317, 1.540, 1.072); Drone position: (-0.317, 1.540, 1.072)

50700787 Setpoint: (-0.316, 1.541, 1.071); Drone position: (-0.316, 1.541, 1.071)

50700868 Setpoint: (-0.314, 1.541, 1.070); Drone position: (-0.314, 1.541, 1.070)

50700977 Setpoint: (-0.313, 1.541, 1.067); Drone position: (-0.313, 1.541, 1.067)

50701077 Setpoint: (-0.312, 1.540, 1.065); Drone position: (-0.312, 1.540, 1.065)

50701172 Setpoint: (-0.311, 1.539, 1.062); Drone position: (-0.311, 1.539, 1.062)

50701279 Setpoint: (-0.311, 1.538, 1.060); Drone position: (-0.311, 1.538, 1.060)

50701387 Setpoint: (-0.311, 1.535, 1.056); Drone position: (-0.311, 1.535, 1.056)

50701475 Setpoint: (-0.310, 1.533, 1.053); Drone position: (-0.310, 1.533, 1.053)

50701592 Setpoint: (-0.310, 1.532, 1.048); Drone position: (-0.310, 1.532, 1.048)

50701656 Setpoint: (-0.309, 1.532, 1.046); Drone position: (-0.309, 1.532, 1.046)

50701774 Setpoint: (-0.309, 1.531, 1.043); Drone position: (-0.309, 1.531, 1.043)

50701895 Setpoint: (-0.308, 1.528, 1.039); Drone position: (-0.308, 1.528, 1.039)

50701980 Setpoint: (-0.308, 1.525, 1.036); Drone position: (-0.308, 1.525, 1.036)

50702059 Setpoint: (-0.307, 1.523, 1.035); Drone position: (-0.307, 1.523, 1.035)

50702192 Setpoint: (-0.306, 1.519, 1.032); Drone position: (-0.306, 1.519, 1.032)

50702268 Setpoint: (-0.306, 1.517, 1.031); Drone position: (-0.306, 1.517, 1.031)

50702382 Setpoint: (-0.304, 1.513, 1.029); Drone position: (-0.304, 1.513, 1.029)

50702465 Setpoint: (-0.303, 1.509, 1.029); Drone position: (-0.303, 1.509, 1.029)

50702562 Setpoint: (-0.302, 1.506, 1.029); Drone position: (-0.302, 1.506, 1.029)

50702686 Setpoint: (-0.301, 1.503, 1.030); Drone position: (-0.301, 1.503, 1.030)

50702791 Setpoint: (-0.300, 1.502, 1.030); Drone position: (-0.300, 1.502, 1.030)

50702869 Setpoint: (-0.299, 1.501, 1.031); Drone position: (-0.299, 1.501, 1.031)

50702978 Setpoint: (-0.297, 1.500, 1.033); Drone position: (-0.297, 1.500, 1.033)

50703076 Setpoint: (-0.296, 1.500, 1.033); Drone position: (-0.296, 1.500, 1.033)

50703184 Setpoint: (-0.293, 1.499, 1.035); Drone position: (-0.293, 1.499, 1.035)

50703279 Setpoint: (-0.288, 1.496, 1.036); Drone position: (-0.288, 1.496, 1.036)

50703377 Setpoint: (-0.286, 1.495, 1.037); Drone position: (-0.286, 1.495, 1.037)

50703464 Setpoint: (-0.283, 1.494, 1.037); Drone position: (-0.283, 1.494, 1.037)

50703568 Setpoint: (-0.278, 1.493, 1.037); Drone position: (-0.278, 1.493, 1.037)

50703670 Setpoint: (-0.275, 1.492, 1.037); Drone position: (-0.275, 1.492, 1.037)

50703791 Setpoint: (-0.270, 1.492, 1.037); Drone position: (-0.270, 1.492, 1.037)

50703886 Setpoint: (-0.266, 1.490, 1.035); Drone position: (-0.266, 1.490, 1.035)

50703977 Setpoint: (-0.264, 1.488, 1.034); Drone position: (-0.264, 1.488, 1.034)

50704068 Setpoint: (-0.262, 1.487, 1.032); Drone position: (-0.262, 1.487, 1.032)

50704168 Setpoint: (-0.261, 1.486, 1.031); Drone position: (-0.261, 1.486, 1.031)

50704277 Setpoint: (-0.261, 1.486, 1.031); Drone position: (-0.261, 1.486, 1.030)

50704390 Setpoint: (-0.261, 1.486, 1.030); Drone position: (-0.261, 1.486, 1.030)

50704471 Setpoint: (-0.261, 1.486, 1.030); Drone position: (-0.263, 1.487, 1.030)

50704577 Setpoint: (-0.263, 1.487, 1.030); Drone position: (-0.265, 1.487, 1.030)

50704683 Setpoint: (-0.265, 1.487, 1.030); Drone position: (-0.268, 1.487, 1.030)

50704772 Setpoint: (-0.268, 1.487, 1.030); Drone position: (-0.271, 1.486, 1.031)

50704876 Setpoint: (-0.271, 1.486, 1.031); Drone position: (-0.273, 1.486, 1.031)

50704963 Setpoint: (-0.273, 1.486, 1.031); Drone position: (-0.275, 1.485, 1.031)

50705065 Setpoint: (-0.275, 1.485, 1.031); Drone position: (-0.278, 1.484, 1.032)

50705190 Setpoint: (-0.278, 1.484, 1.032); Drone position: (-0.282, 1.485, 1.033)

50705284 Setpoint: (-0.282, 1.485, 1.033); Drone position: (-0.283, 1.486, 1.033)

50705368 Setpoint: (-0.283, 1.486, 1.033); Drone position: (-0.284, 1.487, 1.034)

50705475 Setpoint: (-0.284, 1.487, 1.034); Drone position: (-0.284, 1.488, 1.035)

50705589 Setpoint: (-0.284, 1.488, 1.035); Drone position: (-0.283, 1.487, 1.037)

50705677 Setpoint: (-0.283, 1.487, 1.037); Drone position: (-0.283, 1.487, 1.037)

50705781 Setpoint: (-0.281, 1.485, 1.038); Drone position: (-0.281, 1.485, 1.038)

50705894 Setpoint: (-0.278, 1.482, 1.039); Drone position: (-0.278, 1.482, 1.039)

50705979 Setpoint: (-0.275, 1.479, 1.038); Drone position: (-0.275, 1.479, 1.038)

50706068 Setpoint: (-0.273, 1.478, 1.039); Drone position: (-0.273, 1.478, 1.039)

50706181 Setpoint: (-0.269, 1.475, 1.038); Drone position: (-0.269, 1.475, 1.038)

50706284 Setpoint: (-0.266, 1.474, 1.038); Drone position: (-0.266, 1.474, 1.038)

50706382 Setpoint: (-0.263, 1.473, 1.036); Drone position: (-0.263, 1.473, 1.036)

50706470 Setpoint: (-0.260, 1.474, 1.034); Drone position: (-0.260, 1.474, 1.034)

50706575 Setpoint: (-0.258, 1.475, 1.033); Drone position: (-0.258, 1.475, 1.033)

50706663 Setpoint: (-0.255, 1.478, 1.032); Drone position: (-0.255, 1.478, 1.032)

50706782 Setpoint: (-0.252, 1.483, 1.029); Drone position: (-0.252, 1.483, 1.029)

50706890 Setpoint: (-0.250, 1.487, 1.027); Drone position: (-0.250, 1.487, 1.027)

50706989 Setpoint: (-0.250, 1.487, 1.026); Drone position: (-0.250, 1.487, 1.026)

50707068 Setpoint: (-0.249, 1.489, 1.024); Drone position: (-0.249, 1.489, 1.024)

50707174 Setpoint: (-0.249, 1.492, 1.022); Drone position: (-0.249, 1.492, 1.022)

50707272 Setpoint: (-0.250, 1.494, 1.018); Drone position: (-0.250, 1.494, 1.018)

50707363 Setpoint: (-0.251, 1.494, 1.016); Drone position: (-0.251, 1.494, 1.016)

50707476 Setpoint: (-0.255, 1.491, 1.012); Drone position: (-0.255, 1.491, 1.012)

50707588 Setpoint: (-0.258, 1.488, 1.009); Drone position: (-0.258, 1.488, 1.009)

50707678 Setpoint: (-0.261, 1.484, 1.007); Drone position: (-0.261, 1.484, 1.007)

50707779 Setpoint: (-0.264, 1.477, 1.005); Drone position: (-0.264, 1.477, 1.005)

50707877 Setpoint: (-0.266, 1.473, 1.004); Drone position: (-0.266, 1.473, 1.004)

50707992 Setpoint: (-0.267, 1.470, 1.004); Drone position: (-0.267, 1.470, 1.004)

50708071 Setpoint: (-0.269, 1.463, 1.004); Drone position: (-0.269, 1.463, 1.004)

50708185 Setpoint: (-0.270, 1.454, 1.006); Drone position: (-0.270, 1.454, 1.006)

50708272 Setpoint: (-0.270, 1.451, 1.007); Drone position: (-0.270, 1.451, 1.007)

50708378 Setpoint: (-0.271, 1.446, 1.009); Drone position: (-0.271, 1.446, 1.009)

50708461 Setpoint: (-0.272, 1.441, 1.013); Drone position: (-0.272, 1.441, 1.013)

50708587 Setpoint: (-0.271, 1.437, 1.017); Drone position: (-0.271, 1.437, 1.017)

50708674 Setpoint: (-0.271, 1.435, 1.020); Drone position: (-0.271, 1.435, 1.020)

50708761 Setpoint: (-0.270, 1.432, 1.023); Drone position: (-0.270, 1.432, 1.023)

50708876 Setpoint: (-0.270, 1.430, 1.027); Drone position: (-0.270, 1.430, 1.027)

50708968 Setpoint: (-0.270, 1.428, 1.029); Drone position: (-0.270, 1.428, 1.029)

50709076 Setpoint: (-0.270, 1.427, 1.034); Drone position: (-0.270, 1.427, 1.034)

50709164 Setpoint: (-0.270, 1.426, 1.036); Drone position: (-0.270, 1.426, 1.036)

50709277 Setpoint: (-0.270, 1.426, 1.041); Drone position: (-0.270, 1.426, 1.041)

50709367 Setpoint: (-0.271, 1.426, 1.044); Drone position: (-0.271, 1.426, 1.044)

50709465 Setpoint: (-0.271, 1.426, 1.045); Drone position: (-0.271, 1.426, 1.045)

50709562 Setpoint: (-0.272, 1.426, 1.050); Drone position: (-0.272, 1.426, 1.050)

50709681 Setpoint: (-0.273, 1.426, 1.054); Drone position: (-0.273, 1.426, 1.054)

50709782 Setpoint: (-0.273, 1.426, 1.054); Drone position: (-0.275, 1.426, 1.056)

50709873 Setpoint: (-0.275, 1.426, 1.056); Drone position: (-0.276, 1.425, 1.059)

50709988 Setpoint: (-0.276, 1.425, 1.059); Drone position: (-0.278, 1.424, 1.061)

50710085 Setpoint: (-0.278, 1.424, 1.061); Drone position: (-0.280, 1.422, 1.062)

50710164 Setpoint: (-0.280, 1.422, 1.062); Drone position: (-0.281, 1.421, 1.063)

50710283 Setpoint: (-0.281, 1.421, 1.063); Drone position: (-0.284, 1.418, 1.063)

50710372 Setpoint: (-0.286, 1.418, 1.064); Drone position: (-0.286, 1.418, 1.064)

50710475 Setpoint: (-0.287, 1.417, 1.064); Drone position: (-0.287, 1.417, 1.064)

50710570 Setpoint: (-0.289, 1.417, 1.063); Drone position: (-0.289, 1.417, 1.063)

50710682 Setpoint: (-0.292, 1.417, 1.060); Drone position: (-0.292, 1.417, 1.060)

50710777 Setpoint: (-0.293, 1.417, 1.060); Drone position: (-0.293, 1.417, 1.060)

50710883 Setpoint: (-0.295, 1.418, 1.057); Drone position: (-0.295, 1.418, 1.057)

50710962 Setpoint: (-0.296, 1.418, 1.055); Drone position: (-0.296, 1.418, 1.055)

50711073 Setpoint: (-0.297, 1.419, 1.051); Drone position: (-0.297, 1.419, 1.051)

50711182 Setpoint: (-0.298, 1.419, 1.049); Drone position: (-0.298, 1.419, 1.049)

50711262 Setpoint: (-0.298, 1.420, 1.048); Drone position: (-0.298, 1.420, 1.048)

50711401 Setpoint: (-0.300, 1.422, 1.045); Drone position: (-0.300, 1.422, 1.045)

50711488 Setpoint: (-0.300, 1.422, 1.044); Drone position: (-0.300, 1.422, 1.044)

50711601 Setpoint: (-0.301, 1.423, 1.044); Drone position: (-0.301, 1.423, 1.044)

50711670 Setpoint: (-0.301, 1.424, 1.043); Drone position: (-0.301, 1.424, 1.043)

50711772 Setpoint: (-0.303, 1.426, 1.040); Drone position: (-0.303, 1.426, 1.040)

50711849 Setpoint: (-0.303, 1.426, 1.040); Drone position: (-0.303, 1.426, 1.040)

50711970 Setpoint: (-0.304, 1.429, 1.038); Drone position: (-0.304, 1.429, 1.038)

50712058 Setpoint: (-0.305, 1.430, 1.038); Drone position: (-0.305, 1.430, 1.038)

50712190 Setpoint: (-0.307, 1.434, 1.036); Drone position: (-0.307, 1.434, 1.036)

50712281 Setpoint: (-0.307, 1.434, 1.036); Drone position: (-0.307, 1.434, 1.036)

50712377 Setpoint: (-0.311, 1.438, 1.036); Drone position: (-0.311, 1.438, 1.036)

50712463 Setpoint: (-0.311, 1.438, 1.036); Drone position: (-0.311, 1.438, 1.036)

50712585 Setpoint: (-0.313, 1.440, 1.038); Drone position: (-0.313, 1.440, 1.038)

50712687 Setpoint: (-0.313, 1.440, 1.039); Drone position: (-0.313, 1.440, 1.039)

50712779 Setpoint: (-0.313, 1.440, 1.039); Drone position: (-0.313, 1.440, 1.039)

50712882 Setpoint: (-0.314, 1.444, 1.043); Drone position: (-0.314, 1.444, 1.043)

50712979 Setpoint: (-0.314, 1.444, 1.043); Drone position: (-0.314, 1.444, 1.043)

50713078 Setpoint: (-0.313, 1.446, 1.047); Drone position: (-0.313, 1.446, 1.047)

50713177 Setpoint: (-0.313, 1.446, 1.047); Drone position: (-0.313, 1.446, 1.047)

50713279 Setpoint: (-0.310, 1.449, 1.051); Drone position: (-0.310, 1.449, 1.051)

50713367 Setpoint: (-0.310, 1.449, 1.051); Drone position: (-0.304, 1.448, 1.051)

50713468 Setpoint: (-0.304, 1.448, 1.051); Drone position: (-0.304, 1.448, 1.051)

50713569 Setpoint: (-0.304, 1.448, 1.051); Drone position: (-0.299, 1.445, 1.047)

50713677 Setpoint: (-0.299, 1.445, 1.047); Drone position: (-0.299, 1.445, 1.047)

50713768 Setpoint: (-0.299, 1.445, 1.047); Drone position: (-0.299, 1.445, 1.047)

50713873 Setpoint: (-0.299, 1.445, 1.047); Drone position: (-0.299, 1.445, 1.047)

50713974 Setpoint: (-0.299, 1.445, 1.047); Drone position: (-0.290, 1.432, 1.030)

50714087 Setpoint: (-0.290, 1.432, 1.030); Drone position: (-0.285, 1.412, 1.004)

50714173 Setpoint: (-0.285, 1.412, 1.004); Drone position: (-0.285, 1.412, 1.004)

50714261 Setpoint: (-0.285, 1.411, 1.002); Drone position: (-0.285, 1.411, 1.002)

50714359 Setpoint: (-0.285, 1.411, 1.002); Drone position: (-0.285, 1.411, 1.002)

50714463 Setpoint: (-0.285, 1.411, 1.002); Drone position: (-0.285, 1.411, 1.002)

50714538 Setpoint: (-0.285, 1.411, 1.002); Drone position: (-0.285, 1.411, 1.002)

50714663 Setpoint: (-0.285, 1.408, 0.995); Drone position: (-0.285, 1.408, 0.995)

50714762 Setpoint: (-0.285, 1.408, 0.995); Drone position: (-0.285, 1.408, 0.995)

50714870 Setpoint: (-0.285, 1.408, 0.990); Drone position: (-0.285, 1.408, 0.990)

50714978 Setpoint: (-0.285, 1.408, 0.990); Drone position: (-0.285, 1.408, 0.990)

50715075 Setpoint: (-0.286, 1.404, 0.982); Drone position: (-0.286, 1.404, 0.982)

50715183 Setpoint: (-0.286, 1.404, 0.982); Drone position: (-0.286, 1.404, 0.982)

50715271 Setpoint: (-0.290, 1.397, 0.980); Drone position: (-0.290, 1.397, 0.980)

50715368 Setpoint: (-0.291, 1.397, 0.981); Drone position: (-0.291, 1.397, 0.981)

50715479 Setpoint: (-0.291, 1.397, 0.981); Drone position: (-0.291, 1.397, 0.981)

50715558 Setpoint: (-0.291, 1.397, 0.981); Drone position: (-0.291, 1.397, 0.981)

50715658 Setpoint: (-0.291, 1.397, 0.981); Drone position: (-0.291, 1.397, 0.981)

50715758 Setpoint: (-0.291, 1.397, 0.981); Drone position: (-0.291, 1.397, 0.981)

50715874 Setpoint: (-0.299, 1.400, 0.994); Drone position: (-0.299, 1.400, 0.994)

50715996 Setpoint: (-0.304, 1.402, 1.003); Drone position: (-0.304, 1.402, 1.003)

50716069 Setpoint: (-0.304, 1.402, 1.003); Drone position: (-0.304, 1.402, 1.003)

50716176 Setpoint: (-0.327, 1.406, 1.033); Drone position: (-0.327, 1.406, 1.033)

50716266 Setpoint: (-0.329, 1.406, 1.034); Drone position: (-0.329, 1.406, 1.034)

50716370 Setpoint: (-0.335, 1.408, 1.038); Drone position: (-0.335, 1.408, 1.038)

50716472 Setpoint: (-0.342, 1.409, 1.042); Drone position: (-0.342, 1.409, 1.042)

50716569 Setpoint: (-0.342, 1.409, 1.042); Drone position: (-0.342, 1.409, 1.042)

50716669 Setpoint: (-0.344, 1.409, 1.043); Drone position: (-0.344, 1.409, 1.043)

50716778 Setpoint: (-0.353, 1.411, 1.046); Drone position: (-0.353, 1.411, 1.046)

50716896 Setpoint: (-0.353, 1.411, 1.046); Drone position: (-0.353, 1.411, 1.046)

50716978 Setpoint: (-0.353, 1.411, 1.046); Drone position: (-0.353, 1.411, 1.046)

50717075 Setpoint: (-0.353, 1.411, 1.046); Drone position: (-0.353, 1.411, 1.046)

50717191 Setpoint: (-0.387, 1.418, 1.050); Drone position: (-0.387, 1.418, 1.050)

50717271 Setpoint: (-0.393, 1.421, 1.047); Drone position: (-0.393, 1.421, 1.047)

50717375 Setpoint: (-0.406, 1.431, 1.036); Drone position: (-0.406, 1.431, 1.036)

50717488 Setpoint: (-0.414, 1.440, 1.028); Drone position: (-0.414, 1.440, 1.028)

50717609 Setpoint: (-0.415, 1.441, 1.027); Drone position: (-0.415, 1.441, 1.027)

50717672 Setpoint: (-0.417, 1.444, 1.025); Drone position: (-0.417, 1.444, 1.025)

50717788 Setpoint: (-0.423, 1.453, 1.018); Drone position: (-0.423, 1.453, 1.018)

50717901 Setpoint: (-0.427, 1.459, 1.017); Drone position: (-0.427, 1.459, 1.017)

50717973 Setpoint: (-0.427, 1.460, 1.017); Drone position: (-0.427, 1.460, 1.017)

50718068 Setpoint: (-0.427, 1.461, 1.020); Drone position: (-0.427, 1.461, 1.020)

50718192 Setpoint: (-0.427, 1.460, 1.022); Drone position: (-0.427, 1.460, 1.022)

50718290 Setpoint: (-0.425, 1.459, 1.027); Drone position: (-0.425, 1.459, 1.027)

50718373 Setpoint: (-0.424, 1.458, 1.028); Drone position: (-0.424, 1.458, 1.028)

50718450 Setpoint: (-0.423, 1.457, 1.030); Drone position: (-0.423, 1.457, 1.030)

50718571 Setpoint: (-0.421, 1.454, 1.036); Drone position: (-0.421, 1.454, 1.036)

50718676 Setpoint: (-0.421, 1.450, 1.039); Drone position: (-0.421, 1.450, 1.039)

50718762 Setpoint: (-0.421, 1.447, 1.040); Drone position: (-0.421, 1.447, 1.040)

50718868 Setpoint: (-0.422, 1.441, 1.041); Drone position: (-0.422, 1.441, 1.041)

50718991 Setpoint: (-0.423, 1.435, 1.041); Drone position: (-0.423, 1.435, 1.041)

50719074 Setpoint: (-0.424, 1.434, 1.040); Drone position: (-0.424, 1.434, 1.040)

50719190 Setpoint: (-0.427, 1.429, 1.038); Drone position: (-0.427, 1.429, 1.038)

50719277 Setpoint: (-0.429, 1.427, 1.037); Drone position: (-0.429, 1.427, 1.037)

50719383 Setpoint: (-0.433, 1.424, 1.032); Drone position: (-0.433, 1.424, 1.032)

50719489 Setpoint: (-0.436, 1.420, 1.028); Drone position: (-0.436, 1.420, 1.028)

50719576 Setpoint: (-0.440, 1.416, 1.024); Drone position: (-0.440, 1.416, 1.024)

50719672 Setpoint: (-0.441, 1.414, 1.023); Drone position: (-0.441, 1.414, 1.023)

50719768 Setpoint: (-0.445, 1.409, 1.018); Drone position: (-0.445, 1.409, 1.018)

50719867 Setpoint: (-0.447, 1.405, 1.015); Drone position: (-0.447, 1.405, 1.015)

50719987 Setpoint: (-0.448, 1.404, 1.013); Drone position: (-0.448, 1.404, 1.013)

50720090 Setpoint: (-0.452, 1.400, 1.009); Drone position: (-0.452, 1.400, 1.009)

50720178 Setpoint: (-0.456, 1.396, 1.004); Drone position: (-0.456, 1.396, 1.004)

50720301 Setpoint: (-0.464, 1.394, 0.997); Drone position: (-0.464, 1.394, 0.997)

50720370 Setpoint: (-0.468, 1.395, 0.996); Drone position: (-0.468, 1.395, 0.996)

50720456 Setpoint: (-0.472, 1.397, 0.994); Drone position: (-0.472, 1.397, 0.994)

50720562 Setpoint: (-0.479, 1.400, 0.994); Drone position: (-0.479, 1.400, 0.994)

50720682 Setpoint: (-0.484, 1.402, 0.994); Drone position: (-0.484, 1.402, 0.994)

50720776 Setpoint: (-0.488, 1.404, 0.995); Drone position: (-0.488, 1.404, 0.995)

50720875 Setpoint: (-0.495, 1.407, 0.997); Drone position: (-0.495, 1.407, 0.997)

50720956 Setpoint: (-0.499, 1.409, 0.999); Drone position: (-0.499, 1.409, 0.999)

50721092 Setpoint: (-0.507, 1.412, 1.005); Drone position: (-0.507, 1.412, 1.005)

50721169 Setpoint: (-0.511, 1.414, 1.008); Drone position: (-0.511, 1.414, 1.008)

50721268 Setpoint: (-0.516, 1.417, 1.012); Drone position: (-0.516, 1.417, 1.012)

50721379 Setpoint: (-0.520, 1.420, 1.017); Drone position: (-0.520, 1.420, 1.017)

50721468 Setpoint: (-0.524, 1.424, 1.020); Drone position: (-0.524, 1.424, 1.020)

50721589 Setpoint: (-0.526, 1.429, 1.025); Drone position: (-0.526, 1.429, 1.025)

50721668 Setpoint: (-0.527, 1.433, 1.027); Drone position: (-0.527, 1.433, 1.027)

50721776 Setpoint: (-0.527, 1.438, 1.031); Drone position: (-0.527, 1.438, 1.031)

50721868 Setpoint: (-0.526, 1.444, 1.036); Drone position: (-0.526, 1.444, 1.036)

50721990 Setpoint: (-0.526, 1.446, 1.037); Drone position: (-0.526, 1.446, 1.037)

50722076 Setpoint: (-0.523, 1.452, 1.042); Drone position: (-0.523, 1.452, 1.042)

50722197 Setpoint: (-0.517, 1.462, 1.051); Drone position: (-0.517, 1.462, 1.051)

50722260 Setpoint: (-0.515, 1.464, 1.053); Drone position: (-0.515, 1.464, 1.053)

50722383 Setpoint: (-0.507, 1.470, 1.060); Drone position: (-0.507, 1.470, 1.060)

50722478 Setpoint: (-0.501, 1.473, 1.065); Drone position: (-0.501, 1.473, 1.065)

50722578 Setpoint: (-0.495, 1.476, 1.070); Drone position: (-0.495, 1.476, 1.070)

50722683 Setpoint: (-0.490, 1.478, 1.074); Drone position: (-0.490, 1.478, 1.074)

50722781 Setpoint: (-0.480, 1.481, 1.081); Drone position: (-0.480, 1.481, 1.081)

50722876 Setpoint: (-0.473, 1.483, 1.085); Drone position: (-0.473, 1.483, 1.085)

50722983 Setpoint: (-0.467, 1.484, 1.088); Drone position: (-0.467, 1.484, 1.088)

50723073 Setpoint: (-0.461, 1.486, 1.091); Drone position: (-0.461, 1.486, 1.091)

50723184 Setpoint: (-0.449, 1.487, 1.095); Drone position: (-0.449, 1.487, 1.095)

50723277 Setpoint: (-0.446, 1.487, 1.096); Drone position: (-0.446, 1.487, 1.096)

50723375 Setpoint: (-0.440, 1.486, 1.096); Drone position: (-0.440, 1.486, 1.096)

50723463 Setpoint: (-0.434, 1.485, 1.095); Drone position: (-0.434, 1.485, 1.095)

50723579 Setpoint: (-0.434, 1.485, 1.095); Drone position: (-0.434, 1.485, 1.095)

50723686 Setpoint: (-0.427, 1.484, 1.092); Drone position: (-0.427, 1.484, 1.092)

50723762 Setpoint: (-0.425, 1.483, 1.090); Drone position: (-0.425, 1.483, 1.090)

50723867 Setpoint: (-0.422, 1.482, 1.088); Drone position: (-0.422, 1.482, 1.088)

50723993 Setpoint: (-0.416, 1.479, 1.084); Drone position: (-0.416, 1.479, 1.084)

50724082 Setpoint: (-0.416, 1.479, 1.084); Drone position: (-0.416, 1.479, 1.084)

50724172 Setpoint: (-0.416, 1.479, 1.084); Drone position: (-0.416, 1.479, 1.084)

50724283 Setpoint: (-0.416, 1.479, 1.084); Drone position: (-0.416, 1.479, 1.084)

50724363 Setpoint: (-0.413, 1.477, 1.081); Drone position: (-0.413, 1.477, 1.081)

50724478 Setpoint: (-0.409, 1.476, 1.080); Drone position: (-0.409, 1.476, 1.080)

50724572 Setpoint: (-0.408, 1.476, 1.079); Drone position: (-0.408, 1.476, 1.079)

50724673 Setpoint: (-0.399, 1.474, 1.079); Drone position: (-0.399, 1.474, 1.079)

50724792 Setpoint: (-0.392, 1.469, 1.084); Drone position: (-0.392, 1.469, 1.084)

50724872 Setpoint: (-0.390, 1.466, 1.087); Drone position: (-0.390, 1.466, 1.087)

50724974 Setpoint: (-0.388, 1.464, 1.091); Drone position: (-0.388, 1.464, 1.091)

50725070 Setpoint: (-0.387, 1.464, 1.093); Drone position: (-0.387, 1.464, 1.093)

50725167 Setpoint: (-0.387, 1.463, 1.097); Drone position: (-0.387, 1.463, 1.097)

50725271 Setpoint: (-0.388, 1.464, 1.099); Drone position: (-0.388, 1.464, 1.099)

50725361 Setpoint: (-0.388, 1.463, 1.101); Drone position: (-0.388, 1.463, 1.101)

50725466 Setpoint: (-0.388, 1.464, 1.102); Drone position: (-0.388, 1.464, 1.102)

50725580 Setpoint: (-0.388, 1.464, 1.104); Drone position: (-0.388, 1.464, 1.104)

50725684 Setpoint: (-0.388, 1.464, 1.105); Drone position: (-0.388, 1.464, 1.105)

50725780 Setpoint: (-0.389, 1.465, 1.106); Drone position: (-0.389, 1.465, 1.106)

50725889 Setpoint: (-0.389, 1.465, 1.110); Drone position: (-0.389, 1.465, 1.110)

50725989 Setpoint: (-0.390, 1.465, 1.112); Drone position: (-0.390, 1.465, 1.112)

50726092 Setpoint: (-0.391, 1.463, 1.113); Drone position: (-0.391, 1.463, 1.113)

50726193 Setpoint: (-0.391, 1.461, 1.113); Drone position: (-0.391, 1.461, 1.113)

50726277 Setpoint: (-0.392, 1.460, 1.113); Drone position: (-0.392, 1.460, 1.113)

50726374 Setpoint: (-0.392, 1.458, 1.113); Drone position: (-0.392, 1.458, 1.113)

50726483 Setpoint: (-0.392, 1.456, 1.112); Drone position: (-0.392, 1.456, 1.112)

50726579 Setpoint: (-0.393, 1.455, 1.111); Drone position: (-0.393, 1.455, 1.111)

50726691 Setpoint: (-0.394, 1.454, 1.110); Drone position: (-0.394, 1.454, 1.110)

50726777 Setpoint: (-0.394, 1.454, 1.109); Drone position: (-0.394, 1.454, 1.109)

50726866 Setpoint: (-0.396, 1.456, 1.108); Drone position: (-0.396, 1.456, 1.108)

50726986 Setpoint: (-0.397, 1.458, 1.108); Drone position: (-0.397, 1.458, 1.108)

50727086 Setpoint: (-0.398, 1.461, 1.109); Drone position: (-0.398, 1.461, 1.109)

50727187 Setpoint: (-0.400, 1.464, 1.110); Drone position: (-0.400, 1.464, 1.110)

50727298 Setpoint: (-0.403, 1.469, 1.113); Drone position: (-0.403, 1.469, 1.113)

50727367 Setpoint: (-0.405, 1.471, 1.114); Drone position: (-0.405, 1.471, 1.114)

50727467 Setpoint: (-0.410, 1.473, 1.117); Drone position: (-0.410, 1.473, 1.117)

50727593 Setpoint: (-0.415, 1.475, 1.120); Drone position: (-0.415, 1.475, 1.120)

50727670 Setpoint: (-0.418, 1.475, 1.121); Drone position: (-0.418, 1.475, 1.121)

50727794 Setpoint: (-0.421, 1.476, 1.123); Drone position: (-0.421, 1.476, 1.123)

50727867 Setpoint: (-0.425, 1.476, 1.125); Drone position: (-0.425, 1.476, 1.125)

50727960 Setpoint: (-0.430, 1.475, 1.127); Drone position: (-0.430, 1.475, 1.127)

50728092 Setpoint: (-0.435, 1.473, 1.128); Drone position: (-0.435, 1.473, 1.128)

50728167 Setpoint: (-0.437, 1.470, 1.128); Drone position: (-0.437, 1.470, 1.128)

50728287 Setpoint: (-0.439, 1.468, 1.128); Drone position: (-0.439, 1.468, 1.128)

50728376 Setpoint: (-0.441, 1.466, 1.129); Drone position: (-0.441, 1.466, 1.129)

50728482 Setpoint: (-0.442, 1.465, 1.129); Drone position: (-0.442, 1.465, 1.129)

50728574 Setpoint: (-0.442, 1.465, 1.129); Drone position: (-0.442, 1.465, 1.129)

50728687 Setpoint: (-0.441, 1.462, 1.128); Drone position: (-0.441, 1.462, 1.128)

50728792 Setpoint: (-0.440, 1.461, 1.128); Drone position: (-0.440, 1.461, 1.128)

50728870 Setpoint: (-0.437, 1.459, 1.128); Drone position: (-0.437, 1.459, 1.128)

50728974 Setpoint: (-0.435, 1.459, 1.127); Drone position: (-0.435, 1.459, 1.127)

50729065 Setpoint: (-0.431, 1.457, 1.124); Drone position: (-0.431, 1.457, 1.124)

50729163 Setpoint: (-0.425, 1.457, 1.120); Drone position: (-0.425, 1.457, 1.120)

50729258 Setpoint: (-0.424, 1.457, 1.119); Drone position: (-0.424, 1.457, 1.119)

50729384 Setpoint: (-0.416, 1.457, 1.113); Drone position: (-0.416, 1.457, 1.113)

50729470 Setpoint: (-0.413, 1.457, 1.110); Drone position: (-0.413, 1.457, 1.110)

50729570 Setpoint: (-0.411, 1.457, 1.107); Drone position: (-0.411, 1.457, 1.107)

50729652 Setpoint: (-0.408, 1.456, 1.103); Drone position: (-0.408, 1.456, 1.103)

50729769 Setpoint: (-0.402, 1.454, 1.093); Drone position: (-0.402, 1.454, 1.093)

50729892 Setpoint: (-0.399, 1.451, 1.085); Drone position: (-0.399, 1.451, 1.085)

50729988 Setpoint: (-0.397, 1.450, 1.079); Drone position: (-0.397, 1.450, 1.079)

50730082 Setpoint: (-0.396, 1.449, 1.074); Drone position: (-0.396, 1.449, 1.074)

50730175 Setpoint: (-0.396, 1.449, 1.068); Drone position: (-0.396, 1.449, 1.068)

50730277 Setpoint: (-0.395, 1.451, 1.058); Drone position: (-0.395, 1.451, 1.058)

50730391 Setpoint: (-0.396, 1.453, 1.051); Drone position: (-0.396, 1.453, 1.051)

50730470 Setpoint: (-0.396, 1.453, 1.049); Drone position: (-0.396, 1.453, 1.049)

50730574 Setpoint: (-0.398, 1.456, 1.037); Drone position: (-0.398, 1.456, 1.037)

50730684 Setpoint: (-0.400, 1.458, 1.029); Drone position: (-0.400, 1.458, 1.029)

50730756 Setpoint: (-0.401, 1.458, 1.024); Drone position: (-0.401, 1.458, 1.024)

50730892 Setpoint: (-0.403, 1.459, 1.018); Drone position: (-0.403, 1.459, 1.018)

50730971 Setpoint: (-0.405, 1.460, 1.012); Drone position: (-0.405, 1.460, 1.012)

50731077 Setpoint: (-0.407, 1.460, 1.010); Drone position: (-0.407, 1.460, 1.010)

50731177 Setpoint: (-0.410, 1.461, 1.005); Drone position: (-0.410, 1.461, 1.005)

50731300 Setpoint: (-0.414, 1.463, 1.000); Drone position: (-0.414, 1.463, 1.000)

50731368 Setpoint: (-0.417, 1.464, 0.998); Drone position: (-0.417, 1.464, 0.998)

50731475 Setpoint: (-0.418, 1.464, 0.996); Drone position: (-0.418, 1.464, 0.996)

50731571 Setpoint: (-0.421, 1.464, 0.995); Drone position: (-0.421, 1.464, 0.995)

50731683 Setpoint: (-0.423, 1.464, 0.994); Drone position: (-0.423, 1.464, 0.994)

50731766 Setpoint: (-0.425, 1.464, 0.994); Drone position: (-0.425, 1.464, 0.994)

50731886 Setpoint: (-0.426, 1.464, 0.994); Drone position: (-0.426, 1.464, 0.994)

50731992 Setpoint: (-0.427, 1.465, 0.995); Drone position: (-0.427, 1.465, 0.995)

50732078 Setpoint: (-0.428, 1.465, 0.996); Drone position: (-0.428, 1.465, 0.996)

50732183 Setpoint: (-0.428, 1.465, 0.997); Drone position: (-0.428, 1.465, 0.997)

50732275 Setpoint: (-0.428, 1.466, 0.998); Drone position: (-0.428, 1.466, 0.998)

50732378 Setpoint: (-0.429, 1.466, 0.998); Drone position: (-0.429, 1.466, 0.998)

50732468 Setpoint: (-0.431, 1.467, 0.999); Drone position: (-0.431, 1.467, 0.999)

50732565 Setpoint: (-0.431, 1.467, 0.999); Drone position: (-0.431, 1.467, 0.999)

50732664 Setpoint: (-0.432, 1.467, 0.999); Drone position: (-0.432, 1.467, 0.999)

50732769 Setpoint: (-0.434, 1.466, 0.999); Drone position: (-0.434, 1.466, 0.999)

50732884 Setpoint: (-0.436, 1.466, 0.999); Drone position: (-0.436, 1.466, 0.999)

50732984 Setpoint: (-0.439, 1.467, 0.999); Drone position: (-0.439, 1.467, 0.999)

50733072 Setpoint: (-0.440, 1.467, 0.999); Drone position: (-0.440, 1.467, 0.999)

50733179 Setpoint: (-0.445, 1.467, 0.999); Drone position: (-0.445, 1.467, 0.999)

50733284 Setpoint: (-0.448, 1.468, 0.999); Drone position: (-0.448, 1.468, 0.999)

50733395 Setpoint: (-0.450, 1.468, 0.999); Drone position: (-0.450, 1.468, 0.999)

50733467 Setpoint: (-0.454, 1.467, 0.998); Drone position: (-0.454, 1.467, 0.998)

50733585 Setpoint: (-0.459, 1.465, 0.996); Drone position: (-0.459, 1.465, 0.996)

50733684 Setpoint: (-0.461, 1.464, 0.996); Drone position: (-0.461, 1.464, 0.996)

50733789 Setpoint: (-0.464, 1.463, 0.995); Drone position: (-0.464, 1.463, 0.995)

50733866 Setpoint: (-0.465, 1.463, 0.995); Drone position: (-0.465, 1.463, 0.995)

50733989 Setpoint: (-0.468, 1.466, 0.996); Drone position: (-0.468, 1.466, 0.996)

50734086 Setpoint: (-0.469, 1.468, 0.997); Drone position: (-0.469, 1.468, 0.997)

50734177 Setpoint: (-0.471, 1.467, 0.998); Drone position: (-0.471, 1.467, 0.998)

50734267 Setpoint: (-0.471, 1.467, 0.999); Drone position: (-0.471, 1.467, 0.999)

50734366 Setpoint: (-0.472, 1.465, 1.002); Drone position: (-0.472, 1.465, 1.002)

50734493 Setpoint: (-0.472, 1.459, 1.005); Drone position: (-0.472, 1.459, 1.005)

50734591 Setpoint: (-0.471, 1.456, 1.007); Drone position: (-0.471, 1.456, 1.007)

50734683 Setpoint: (-0.471, 1.451, 1.008); Drone position: (-0.471, 1.451, 1.008)

50734771 Setpoint: (-0.470, 1.447, 1.010); Drone position: (-0.470, 1.447, 1.010)

50734886 Setpoint: (-0.469, 1.444, 1.011); Drone position: (-0.469, 1.444, 1.011)

50734974 Setpoint: (-0.466, 1.439, 1.012); Drone position: (-0.466, 1.439, 1.012)

50735068 Setpoint: (-0.465, 1.436, 1.013); Drone position: (-0.465, 1.436, 1.013)

50735190 Setpoint: (-0.462, 1.433, 1.013); Drone position: (-0.462, 1.433, 1.013)

50735284 Setpoint: (-0.461, 1.432, 1.013); Drone position: (-0.461, 1.432, 1.013)

50735395 Setpoint: (-0.459, 1.432, 1.013); Drone position: (-0.459, 1.432, 1.013)

50735466 Setpoint: (-0.457, 1.433, 1.013); Drone position: (-0.457, 1.433, 1.013)

50735594 Setpoint: (-0.455, 1.434, 1.013); Drone position: (-0.455, 1.434, 1.013)

50735677 Setpoint: (-0.454, 1.435, 1.013); Drone position: (-0.454, 1.435, 1.013)

50735777 Setpoint: (-0.452, 1.435, 1.015); Drone position: (-0.452, 1.435, 1.015)

50735894 Setpoint: (-0.450, 1.436, 1.017); Drone position: (-0.450, 1.436, 1.017)

50735967 Setpoint: (-0.449, 1.436, 1.017); Drone position: (-0.449, 1.436, 1.017)

50736082 Setpoint: (-0.447, 1.437, 1.020); Drone position: (-0.447, 1.437, 1.020)

50736158 Setpoint: (-0.446, 1.437, 1.022); Drone position: (-0.446, 1.437, 1.022)

50736266 Setpoint: (-0.445, 1.439, 1.026); Drone position: (-0.445, 1.439, 1.026)

50736369 Setpoint: (-0.444, 1.439, 1.029); Drone position: (-0.444, 1.439, 1.029)

50736488 Setpoint: (-0.443, 1.440, 1.033); Drone position: (-0.443, 1.440, 1.033)

50736577 Setpoint: (-0.443, 1.440, 1.036); Drone position: (-0.443, 1.440, 1.036)

50736681 Setpoint: (-0.442, 1.440, 1.040); Drone position: (-0.442, 1.440, 1.040)

50736767 Setpoint: (-0.441, 1.439, 1.042); Drone position: (-0.441, 1.439, 1.042)

50736890 Setpoint: (-0.440, 1.438, 1.046); Drone position: (-0.440, 1.438, 1.046)

50736974 Setpoint: (-0.440, 1.437, 1.047); Drone position: (-0.440, 1.437, 1.047)

50737065 Setpoint: (-0.439, 1.436, 1.049); Drone position: (-0.439, 1.436, 1.049)

50737166 Setpoint: (-0.438, 1.437, 1.049); Drone position: (-0.438, 1.437, 1.049)

50737277 Setpoint: (-0.435, 1.438, 1.050); Drone position: (-0.435, 1.438, 1.050)

50737359 Setpoint: (-0.435, 1.439, 1.050); Drone position: (-0.435, 1.439, 1.050)

50737478 Setpoint: (-0.432, 1.442, 1.050); Drone position: (-0.432, 1.442, 1.050)

50737577 Setpoint: (-0.430, 1.444, 1.050); Drone position: (-0.430, 1.444, 1.050)

50737676 Setpoint: (-0.428, 1.446, 1.050); Drone position: (-0.428, 1.446, 1.050)

50737783 Setpoint: (-0.426, 1.448, 1.050); Drone position: (-0.426, 1.448, 1.050)

50737909 Setpoint: (-0.423, 1.450, 1.050); Drone position: (-0.423, 1.450, 1.050)

50737961 Setpoint: (-0.422, 1.450, 1.050); Drone position: (-0.422, 1.450, 1.050)

50738077 Setpoint: (-0.420, 1.452, 1.052); Drone position: (-0.420, 1.452, 1.052)

50738169 Setpoint: (-0.419, 1.453, 1.053); Drone position: (-0.419, 1.453, 1.053)

50738265 Setpoint: (-0.418, 1.454, 1.055); Drone position: (-0.418, 1.454, 1.055)

50738383 Setpoint: (-0.417, 1.453, 1.057); Drone position: (-0.417, 1.453, 1.057)

50738485 Setpoint: (-0.417, 1.454, 1.059); Drone position: (-0.417, 1.454, 1.059)

50738577 Setpoint: (-0.418, 1.455, 1.062); Drone position: (-0.418, 1.455, 1.062)

50738689 Setpoint: (-0.418, 1.457, 1.063); Drone position: (-0.418, 1.457, 1.063)

50738768 Setpoint: (-0.418, 1.458, 1.064); Drone position: (-0.418, 1.458, 1.064)

50738879 Setpoint: (-0.418, 1.461, 1.064); Drone position: (-0.418, 1.461, 1.064)

50738986 Setpoint: (-0.419, 1.465, 1.064); Drone position: (-0.419, 1.465, 1.064)

50739081 Setpoint: (-0.420, 1.467, 1.064); Drone position: (-0.420, 1.467, 1.064)

50739165 Setpoint: (-0.419, 1.469, 1.062); Drone position: (-0.419, 1.469, 1.062)

50739278 Setpoint: (-0.420, 1.474, 1.060); Drone position: (-0.420, 1.474, 1.060)

50739369 Setpoint: (-0.420, 1.477, 1.058); Drone position: (-0.420, 1.477, 1.058)

50739483 Setpoint: (-0.419, 1.482, 1.055); Drone position: (-0.419, 1.482, 1.055)

50739565 Setpoint: (-0.419, 1.484, 1.054); Drone position: (-0.419, 1.484, 1.054)

50739657 Setpoint: (-0.418, 1.486, 1.053); Drone position: (-0.418, 1.486, 1.053)

50739760 Setpoint: (-0.414, 1.490, 1.049); Drone position: (-0.414, 1.490, 1.049)

50739871 Setpoint: (-0.412, 1.491, 1.047); Drone position: (-0.412, 1.491, 1.047)

50739978 Setpoint: (-0.408, 1.495, 1.045); Drone position: (-0.408, 1.495, 1.045)

50740066 Setpoint: (-0.407, 1.495, 1.045); Drone position: (-0.407, 1.495, 1.045)

50740190 Setpoint: (-0.404, 1.497, 1.043); Drone position: (-0.404, 1.497, 1.043)

50740276 Setpoint: (-0.402, 1.498, 1.042); Drone position: (-0.402, 1.498, 1.042)

50740369 Setpoint: (-0.402, 1.498, 1.042); Drone position: (-0.402, 1.498, 1.042)

50740479 Setpoint: (-0.399, 1.498, 1.041); Drone position: (-0.399, 1.498, 1.041)

50740590 Setpoint: (-0.394, 1.498, 1.041); Drone position: (-0.394, 1.498, 1.041)

50740686 Setpoint: (-0.390, 1.496, 1.041); Drone position: (-0.390, 1.496, 1.041)

50740791 Setpoint: (-0.387, 1.495, 1.042); Drone position: (-0.387, 1.495, 1.042)

50740882 Setpoint: (-0.385, 1.494, 1.042); Drone position: (-0.385, 1.494, 1.042)

50740992 Setpoint: (-0.384, 1.494, 1.045); Drone position: (-0.384, 1.494, 1.045)

50741065 Setpoint: (-0.383, 1.493, 1.046); Drone position: (-0.383, 1.493, 1.046)

50741187 Setpoint: (-0.383, 1.493, 1.049); Drone position: (-0.383, 1.493, 1.049)

50741289 Setpoint: (-0.384, 1.492, 1.052); Drone position: (-0.384, 1.492, 1.052)

50741385 Setpoint: (-0.387, 1.490, 1.057); Drone position: (-0.387, 1.490, 1.057)

50741468 Setpoint: (-0.388, 1.489, 1.060); Drone position: (-0.388, 1.489, 1.060)

50741568 Setpoint: (-0.390, 1.487, 1.063); Drone position: (-0.390, 1.487, 1.063)

50741681 Setpoint: (-0.393, 1.484, 1.069); Drone position: (-0.393, 1.484, 1.069)

50741767 Setpoint: (-0.394, 1.482, 1.073); Drone position: (-0.394, 1.482, 1.073)

50741863 Setpoint: (-0.396, 1.481, 1.076); Drone position: (-0.396, 1.481, 1.076)

50741986 Setpoint: (-0.399, 1.479, 1.081); Drone position: (-0.399, 1.479, 1.081)

50742116 Setpoint: (-0.404, 1.475, 1.090); Drone position: (-0.404, 1.475, 1.090)

50742181 Setpoint: (-0.406, 1.473, 1.093); Drone position: (-0.406, 1.473, 1.093)

50742293 Setpoint: (-0.410, 1.470, 1.099); Drone position: (-0.410, 1.470, 1.099)

50742372 Setpoint: (-0.411, 1.470, 1.100); Drone position: (-0.411, 1.470, 1.100)

50742483 Setpoint: (-0.413, 1.468, 1.103); Drone position: (-0.413, 1.468, 1.103)

50742589 Setpoint: (-0.415, 1.467, 1.105); Drone position: (-0.415, 1.467, 1.105)

50742672 Setpoint: (-0.416, 1.467, 1.106); Drone position: (-0.416, 1.467, 1.106)

50742778 Setpoint: (-0.418, 1.466, 1.105); Drone position: (-0.418, 1.466, 1.105)

50742880 Setpoint: (-0.419, 1.466, 1.105); Drone position: (-0.419, 1.466, 1.105)

50742949 Setpoint: (-0.419, 1.466, 1.104); Drone position: (-0.419, 1.466, 1.104)

50743085 Setpoint: (-0.420, 1.465, 1.101); Drone position: (-0.420, 1.465, 1.101)

50743174 Setpoint: (-0.420, 1.464, 1.099); Drone position: (-0.420, 1.464, 1.099)

50743283 Setpoint: (-0.420, 1.462, 1.094); Drone position: (-0.420, 1.462, 1.094)

50743386 Setpoint: (-0.420, 1.460, 1.090); Drone position: (-0.420, 1.460, 1.090)

50743487 Setpoint: (-0.420, 1.458, 1.087); Drone position: (-0.420, 1.458, 1.087)

50743577 Setpoint: (-0.419, 1.457, 1.083); Drone position: (-0.419, 1.457, 1.083)

50743681 Setpoint: (-0.419, 1.456, 1.081); Drone position: (-0.419, 1.456, 1.081)

50743786 Setpoint: (-0.419, 1.454, 1.077); Drone position: (-0.419, 1.454, 1.077)

50743870 Setpoint: (-0.419, 1.452, 1.073); Drone position: (-0.419, 1.452, 1.073)

50743963 Setpoint: (-0.419, 1.452, 1.073); Drone position: (-0.419, 1.452, 1.073)

50744077 Setpoint: (-0.420, 1.450, 1.067); Drone position: (-0.420, 1.450, 1.067)

50744188 Setpoint: (-0.421, 1.448, 1.060); Drone position: (-0.421, 1.448, 1.060)

50744271 Setpoint: (-0.421, 1.447, 1.058); Drone position: (-0.421, 1.447, 1.058)

50744377 Setpoint: (-0.423, 1.446, 1.051); Drone position: (-0.423, 1.446, 1.051)

50744478 Setpoint: (-0.425, 1.446, 1.045); Drone position: (-0.425, 1.446, 1.045)

50744578 Setpoint: (-0.427, 1.447, 1.040); Drone position: (-0.427, 1.447, 1.040)

50744676 Setpoint: (-0.428, 1.447, 1.038); Drone position: (-0.428, 1.447, 1.038)

50744788 Setpoint: (-0.430, 1.447, 1.034); Drone position: (-0.430, 1.447, 1.034)

50744868 Setpoint: (-0.431, 1.447, 1.032); Drone position: (-0.431, 1.447, 1.032)

50744989 Setpoint: (-0.435, 1.446, 1.027); Drone position: (-0.435, 1.446, 1.027)

50745071 Setpoint: (-0.435, 1.446, 1.027); Drone position: (-0.435, 1.446, 1.027)

50745171 Setpoint: (-0.442, 1.441, 1.020); Drone position: (-0.442, 1.441, 1.020)

50745281 Setpoint: (-0.442, 1.441, 1.020); Drone position: (-0.442, 1.441, 1.020)

50745387 Setpoint: (-0.442, 1.441, 1.020); Drone position: (-0.442, 1.441, 1.020)

50745490 Setpoint: (-0.445, 1.435, 1.017); Drone position: (-0.445, 1.435, 1.017)

50745601 Setpoint: (-0.445, 1.435, 1.017); Drone position: (-0.445, 1.435, 1.017)

50745673 Setpoint: (-0.446, 1.433, 1.017); Drone position: (-0.446, 1.433, 1.017)

50745767 Setpoint: (-0.446, 1.433, 1.017); Drone position: (-0.446, 1.433, 1.017)

50745872 Setpoint: (-0.446, 1.433, 1.017); Drone position: (-0.446, 1.433, 1.017)

50745971 Setpoint: (-0.449, 1.428, 1.017); Drone position: (-0.449, 1.428, 1.017)

50746074 Setpoint: (-0.450, 1.418, 1.021); Drone position: (-0.450, 1.418, 1.021)

50746181 Setpoint: (-0.450, 1.419, 1.031); Drone position: (-0.450, 1.419, 1.031)

50746257 Setpoint: (-0.448, 1.422, 1.033); Drone position: (-0.448, 1.422, 1.033)

50746382 Setpoint: (-0.445, 1.415, 1.032); Drone position: (-0.445, 1.415, 1.032)

50746474 Setpoint: (-0.445, 1.411, 1.031); Drone position: (-0.445, 1.410, 1.030)

50746575 Setpoint: (-0.445, 1.410, 1.030); Drone position: (-0.446, 1.408, 1.029)

50746685 Setpoint: (-0.446, 1.408, 1.029); Drone position: (-0.446, 1.407, 1.029)

50746789 Setpoint: (-0.446, 1.407, 1.029); Drone position: (-0.447, 1.406, 1.028)

50746883 Setpoint: (-0.447, 1.406, 1.028); Drone position: (-0.449, 1.406, 1.028)

50746982 Setpoint: (-0.449, 1.406, 1.028); Drone position: (-0.450, 1.406, 1.027)

50747084 Setpoint: (-0.452, 1.407, 1.027); Drone position: (-0.452, 1.407, 1.027)

50747173 Setpoint: (-0.454, 1.408, 1.027); Drone position: (-0.454, 1.408, 1.027)

50747269 Setpoint: (-0.455, 1.408, 1.027); Drone position: (-0.455, 1.408, 1.027)

50747374 Setpoint: (-0.459, 1.409, 1.027); Drone position: (-0.459, 1.409, 1.027)

50747481 Setpoint: (-0.460, 1.409, 1.027); Drone position: (-0.460, 1.409, 1.027)

50747594 Setpoint: (-0.463, 1.410, 1.027); Drone position: (-0.463, 1.410, 1.027)

50747681 Setpoint: (-0.465, 1.410, 1.027); Drone position: (-0.465, 1.410, 1.027)

50747773 Setpoint: (-0.468, 1.411, 1.026); Drone position: (-0.468, 1.411, 1.026)

50747893 Setpoint: (-0.470, 1.411, 1.025); Drone position: (-0.470, 1.411, 1.025)

50747973 Setpoint: (-0.473, 1.411, 1.024); Drone position: (-0.473, 1.411, 1.024)

50748082 Setpoint: (-0.475, 1.411, 1.022); Drone position: (-0.475, 1.411, 1.022)

50748194 Setpoint: (-0.476, 1.410, 1.021); Drone position: (-0.476, 1.410, 1.021)

50748285 Setpoint: (-0.479, 1.410, 1.018); Drone position: (-0.479, 1.410, 1.018)

50748389 Setpoint: (-0.481, 1.410, 1.017); Drone position: (-0.481, 1.410, 1.017)

50748489 Setpoint: (-0.481, 1.410, 1.016); Drone position: (-0.481, 1.410, 1.016)

50748594 Setpoint: (-0.483, 1.409, 1.014); Drone position: (-0.483, 1.409, 1.014)

50748674 Setpoint: (-0.484, 1.408, 1.014); Drone position: (-0.484, 1.408, 1.014)

50748791 Setpoint: (-0.484, 1.408, 1.013); Drone position: (-0.484, 1.408, 1.013)

50748866 Setpoint: (-0.485, 1.408, 1.012); Drone position: (-0.485, 1.408, 1.012)

50748999 Setpoint: (-0.487, 1.409, 1.010); Drone position: (-0.487, 1.409, 1.010)

50749082 Setpoint: (-0.488, 1.410, 1.010); Drone position: (-0.488, 1.410, 1.010)

50749190 Setpoint: (-0.490, 1.414, 1.009); Drone position: (-0.490, 1.414, 1.009)

50749294 Setpoint: (-0.494, 1.421, 1.010); Drone position: (-0.494, 1.421, 1.010)

50749384 Setpoint: (-0.494, 1.423, 1.010); Drone position: (-0.494, 1.423, 1.010)

50749459 Setpoint: (-0.497, 1.428, 1.011); Drone position: (-0.497, 1.428, 1.011)

50749573 Setpoint: (-0.500, 1.435, 1.012); Drone position: (-0.500, 1.435, 1.012)

50749674 Setpoint: (-0.502, 1.438, 1.013); Drone position: (-0.502, 1.438, 1.013)

50749776 Setpoint: (-0.506, 1.445, 1.014); Drone position: (-0.506, 1.445, 1.014)

50749872 Setpoint: (-0.509, 1.450, 1.015); Drone position: (-0.509, 1.450, 1.015)

50749986 Setpoint: (-0.513, 1.455, 1.016); Drone position: (-0.513, 1.455, 1.016)

50750087 Setpoint: (-0.518, 1.460, 1.017); Drone position: (-0.518, 1.460, 1.017)

50750164 Setpoint: (-0.521, 1.463, 1.018); Drone position: (-0.521, 1.463, 1.018)

50750284 Setpoint: (-0.523, 1.465, 1.018); Drone position: (-0.523, 1.465, 1.018)

50750390 Setpoint: (-0.528, 1.468, 1.019); Drone position: (-0.528, 1.468, 1.019)

50750483 Setpoint: (-0.532, 1.471, 1.020); Drone position: (-0.532, 1.471, 1.020)

50750566 Setpoint: (-0.533, 1.472, 1.020); Drone position: (-0.533, 1.472, 1.020)

50750698 Setpoint: (-0.536, 1.473, 1.020); Drone position: (-0.536, 1.473, 1.020)

50750800 Setpoint: (-0.538, 1.474, 1.020); Drone position: (-0.538, 1.474, 1.020)

50750896 Setpoint: (-0.540, 1.474, 1.020); Drone position: (-0.540, 1.474, 1.020)

50750984 Setpoint: (-0.541, 1.474, 1.019); Drone position: (-0.541, 1.474, 1.019)

50751079 Setpoint: (-0.542, 1.473, 1.018); Drone position: (-0.542, 1.473, 1.018)

50751168 Setpoint: (-0.544, 1.471, 1.017); Drone position: (-0.544, 1.471, 1.017)

50751286 Setpoint: (-0.544, 1.469, 1.014); Drone position: (-0.544, 1.469, 1.014)

50751388 Setpoint: (-0.543, 1.467, 1.012); Drone position: (-0.543, 1.467, 1.012)

50751488 Setpoint: (-0.543, 1.465, 1.009); Drone position: (-0.543, 1.465, 1.009)

50751578 Setpoint: (-0.543, 1.464, 1.007); Drone position: (-0.543, 1.464, 1.007)

50751688 Setpoint: (-0.543, 1.461, 1.004); Drone position: (-0.543, 1.461, 1.004)

50751781 Setpoint: (-0.544, 1.457, 1.000); Drone position: (-0.544, 1.457, 1.000)

50751884 Setpoint: (-0.544, 1.448, 0.992); Drone position: (-0.544, 1.448, 0.992)

50751986 Setpoint: (-0.544, 1.443, 0.989); Drone position: (-0.544, 1.443, 0.989)

50752088 Setpoint: (-0.544, 1.436, 0.985); Drone position: (-0.544, 1.436, 0.985)

50752171 Setpoint: (-0.544, 1.431, 0.982); Drone position: (-0.544, 1.431, 0.982)

50752286 Setpoint: (-0.544, 1.425, 0.978); Drone position: (-0.544, 1.425, 0.978)

50752371 Setpoint: (-0.543, 1.418, 0.973); Drone position: (-0.543, 1.418, 0.973)

50752482 Setpoint: (-0.543, 1.411, 0.969); Drone position: (-0.543, 1.411, 0.969)

50752577 Setpoint: (-0.542, 1.408, 0.967); Drone position: (-0.542, 1.408, 0.967)

50752667 Setpoint: (-0.541, 1.405, 0.965); Drone position: (-0.541, 1.405, 0.965)

50752775 Setpoint: (-0.540, 1.402, 0.962); Drone position: (-0.540, 1.402, 0.962)

50752884 Setpoint: (-0.539, 1.404, 0.959); Drone position: (-0.539, 1.404, 0.959)

50753000 Setpoint: (-0.538, 1.406, 0.958); Drone position: (-0.538, 1.406, 0.958)

50753091 Setpoint: (-0.538, 1.407, 0.957); Drone position: (-0.538, 1.407, 0.957)

50753169 Setpoint: (-0.539, 1.410, 0.957); Drone position: (-0.539, 1.410, 0.957)

50753300 Setpoint: (-0.540, 1.413, 0.956); Drone position: (-0.540, 1.413, 0.956)

50753370 Setpoint: (-0.541, 1.415, 0.956); Drone position: (-0.541, 1.415, 0.956)

50753484 Setpoint: (-0.544, 1.418, 0.957); Drone position: (-0.544, 1.418, 0.957)

50753599 Setpoint: (-0.548, 1.421, 0.958); Drone position: (-0.548, 1.421, 0.958)

50753687 Setpoint: (-0.550, 1.423, 0.959); Drone position: (-0.550, 1.423, 0.959)

50753785 Setpoint: (-0.553, 1.425, 0.960); Drone position: (-0.553, 1.425, 0.960)

50753882 Setpoint: (-0.556, 1.426, 0.963); Drone position: (-0.556, 1.426, 0.963)

50753976 Setpoint: (-0.558, 1.427, 0.965); Drone position: (-0.558, 1.427, 0.965)

50754097 Setpoint: (-0.563, 1.429, 0.970); Drone position: (-0.563, 1.429, 0.970)

50754185 Setpoint: (-0.564, 1.430, 0.972); Drone position: (-0.564, 1.430, 0.972)

50754286 Setpoint: (-0.566, 1.430, 0.976); Drone position: (-0.566, 1.430, 0.976)

50754381 Setpoint: (-0.568, 1.430, 0.980); Drone position: (-0.568, 1.430, 0.980)

50754460 Setpoint: (-0.568, 1.429, 0.983); Drone position: (-0.568, 1.429, 0.983)

50754573 Setpoint: (-0.570, 1.428, 0.989); Drone position: (-0.570, 1.428, 0.989)

50754684 Setpoint: (-0.570, 1.428, 0.994); Drone position: (-0.570, 1.428, 0.994)

50754781 Setpoint: (-0.570, 1.427, 0.998); Drone position: (-0.570, 1.427, 0.998)

50754883 Setpoint: (-0.569, 1.427, 1.002); Drone position: (-0.569, 1.427, 1.002)

50754986 Setpoint: (-0.568, 1.426, 1.006); Drone position: (-0.568, 1.426, 1.006)

50755088 Setpoint: (-0.567, 1.426, 1.008); Drone position: (-0.567, 1.426, 1.008)

50755182 Setpoint: (-0.566, 1.426, 1.009); Drone position: (-0.566, 1.426, 1.009)

50755300 Setpoint: (-0.564, 1.426, 1.011); Drone position: (-0.564, 1.426, 1.011)

50755387 Setpoint: (-0.562, 1.426, 1.011); Drone position: (-0.562, 1.426, 1.011)

50755478 Setpoint: (-0.561, 1.427, 1.011); Drone position: (-0.561, 1.427, 1.011)

50755586 Setpoint: (-0.559, 1.427, 1.011); Drone position: (-0.559, 1.427, 1.011)

50755687 Setpoint: (-0.557, 1.428, 1.010); Drone position: (-0.557, 1.428, 1.010)

50755772 Setpoint: (-0.557, 1.429, 1.010); Drone position: (-0.557, 1.429, 1.010)

50755884 Setpoint: (-0.555, 1.431, 1.008); Drone position: (-0.555, 1.431, 1.008)

50755980 Setpoint: (-0.555, 1.432, 1.008); Drone position: (-0.555, 1.432, 1.008)

50756071 Setpoint: (-0.555, 1.432, 1.008); Drone position: (-0.555, 1.432, 1.008)

50756194 Setpoint: (-0.554, 1.433, 1.008); Drone position: (-0.554, 1.433, 1.008)

50756277 Setpoint: (-0.554, 1.433, 1.008); Drone position: (-0.554, 1.433, 1.008)

50756398 Setpoint: (-0.554, 1.435, 1.009); Drone position: (-0.554, 1.435, 1.009)

50756499 Setpoint: (-0.556, 1.437, 1.010); Drone position: (-0.556, 1.437, 1.010)

50756568 Setpoint: (-0.556, 1.437, 1.010); Drone position: (-0.556, 1.437, 1.010)

50756681 Setpoint: (-0.556, 1.439, 1.009); Drone position: (-0.556, 1.439, 1.009)

50756768 Setpoint: (-0.556, 1.439, 1.008); Drone position: (-0.556, 1.439, 1.008)

50756871 Setpoint: (-0.558, 1.441, 1.007); Drone position: (-0.558, 1.441, 1.007)

50757001 Setpoint: (-0.559, 1.442, 1.006); Drone position: (-0.559, 1.442, 1.006)

50757107 Setpoint: (-0.562, 1.447, 1.004); Drone position: (-0.562, 1.447, 1.004)

50757190 Setpoint: (-0.564, 1.451, 1.002); Drone position: (-0.564, 1.451, 1.002)

50757310 Setpoint: (-0.565, 1.452, 1.001); Drone position: (-0.565, 1.452, 1.001)

50757375 Setpoint: (-0.566, 1.456, 1.000); Drone position: (-0.566, 1.456, 1.000)

50757498 Setpoint: (-0.568, 1.461, 0.997); Drone position: (-0.568, 1.461, 0.997)

50757574 Setpoint: (-0.568, 1.462, 0.996); Drone position: (-0.568, 1.462, 0.996)

50757657 Setpoint: (-0.569, 1.465, 0.996); Drone position: (-0.569, 1.465, 0.996)

50757757 Setpoint: (-0.569, 1.466, 0.995); Drone position: (-0.569, 1.466, 0.995)

50757871 Setpoint: (-0.570, 1.471, 0.994); Drone position: (-0.570, 1.471, 0.994)

50757969 Setpoint: (-0.571, 1.482, 0.993); Drone position: (-0.571, 1.482, 0.993)

50758101 Setpoint: (-0.572, 1.490, 0.995); Drone position: (-0.572, 1.490, 0.995)

50758163 Setpoint: (-0.572, 1.492, 0.996); Drone position: (-0.572, 1.492, 0.996)

50758303 Setpoint: (-0.572, 1.497, 0.998); Drone position: (-0.572, 1.497, 0.998)

50758410 Setpoint: (-0.572, 1.502, 1.002); Drone position: (-0.572, 1.502, 1.002)

50758487 Setpoint: (-0.572, 1.506, 1.006); Drone position: (-0.572, 1.506, 1.006)

50758566 Setpoint: (-0.572, 1.506, 1.006); Drone position: (-0.572, 1.506, 1.006)

50758682 Setpoint: (-0.571, 1.509, 1.010); Drone position: (-0.571, 1.509, 1.010)

50758773 Setpoint: (-0.571, 1.512, 1.013); Drone position: (-0.571, 1.512, 1.013)

50758888 Setpoint: (-0.570, 1.514, 1.017); Drone position: (-0.570, 1.514, 1.017)

50758981 Setpoint: (-0.569, 1.516, 1.021); Drone position: (-0.569, 1.516, 1.021)

50759078 Setpoint: (-0.567, 1.516, 1.026); Drone position: (-0.567, 1.516, 1.026)

50759181 Setpoint: (-0.565, 1.515, 1.029); Drone position: (-0.565, 1.515, 1.029)

50759288 Setpoint: (-0.561, 1.513, 1.032); Drone position: (-0.561, 1.513, 1.032)

50759390 Setpoint: (-0.558, 1.510, 1.033); Drone position: (-0.558, 1.510, 1.033)

50759473 Setpoint: (-0.556, 1.508, 1.034); Drone position: (-0.556, 1.508, 1.034)

50759582 Setpoint: (-0.553, 1.505, 1.034); Drone position: (-0.553, 1.505, 1.034)

50759689 Setpoint: (-0.550, 1.503, 1.034); Drone position: (-0.550, 1.503, 1.034)

50759774 Setpoint: (-0.549, 1.501, 1.034); Drone position: (-0.549, 1.501, 1.034)

50759884 Setpoint: (-0.546, 1.497, 1.034); Drone position: (-0.546, 1.497, 1.034)

50759985 Setpoint: (-0.542, 1.491, 1.033); Drone position: (-0.542, 1.491, 1.033)

50760075 Setpoint: (-0.538, 1.486, 1.031); Drone position: (-0.538, 1.486, 1.031)

50760185 Setpoint: (-0.536, 1.483, 1.030); Drone position: (-0.536, 1.483, 1.030)

50760257 Setpoint: (-0.533, 1.479, 1.028); Drone position: (-0.533, 1.479, 1.028)

50760380 Setpoint: (-0.533, 1.479, 1.028); Drone position: (-0.531, 1.474, 1.025)

50760480 Setpoint: (-0.531, 1.474, 1.025); Drone position: (-0.530, 1.472, 1.023)

50760587 Setpoint: (-0.530, 1.472, 1.023); Drone position: (-0.529, 1.471, 1.020)

50760682 Setpoint: (-0.529, 1.471, 1.020); Drone position: (-0.529, 1.470, 1.019)

50760798 Setpoint: (-0.529, 1.470, 1.019); Drone position: (-0.528, 1.469, 1.017)

50760903 Setpoint: (-0.528, 1.469, 1.017); Drone position: (-0.527, 1.469, 1.016)

50760985 Setpoint: (-0.527, 1.469, 1.016); Drone position: (-0.527, 1.467, 1.015)

50761078 Setpoint: (-0.527, 1.467, 1.015); Drone position: (-0.527, 1.466, 1.014)

50761197 Setpoint: (-0.527, 1.466, 1.014); Drone position: (-0.527, 1.463, 1.012)

50761283 Setpoint: (-0.527, 1.463, 1.012); Drone position: (-0.527, 1.463, 1.012)

50761381 Setpoint: (-0.527, 1.463, 1.012); Drone position: (-0.528, 1.461, 1.011)

50761497 Setpoint: (-0.528, 1.461, 1.011); Drone position: (-0.529, 1.459, 1.009)

50761580 Setpoint: (-0.529, 1.459, 1.009); Drone position: (-0.529, 1.459, 1.009)

50761676 Setpoint: (-0.529, 1.459, 1.009); Drone position: (-0.530, 1.458, 1.009)

50761780 Setpoint: (-0.530, 1.458, 1.009); Drone position: (-0.531, 1.456, 1.006)

50761899 Setpoint: (-0.531, 1.456, 1.006); Drone position: (-0.527, 1.452, 0.999)

50761984 Setpoint: (-0.527, 1.452, 0.999); Drone position: (-0.522, 1.447, 0.993)

50762080 Setpoint: (-0.522, 1.447, 0.993); Drone position: (-0.514, 1.419, 0.981)

50762186 Setpoint: (-0.514, 1.419, 0.981); Drone position: (-0.511, 1.339, 0.966)

50762282 Setpoint: (-0.511, 1.339, 0.966); Drone position: (-0.510, 1.301, 0.962)

50762375 Setpoint: (-0.510, 1.301, 0.962); Drone position: (-0.509, 1.240, 0.959)

50762486 Setpoint: (-0.509, 1.240, 0.959); Drone position: (-0.512, 1.151, 0.960)

50762588 Setpoint: (-0.512, 1.151, 0.960); Drone position: (-0.515, 1.102, 0.962)

50762688 Setpoint: (-0.515, 1.102, 0.962); Drone position: (-0.519, 1.059, 0.965)

50762783 Setpoint: (-0.519, 1.059, 0.965); Drone position: (-0.529, 0.979, 0.974)

50762879 Setpoint: (-0.529, 0.979, 0.974); Drone position: (-0.539, 0.914, 0.984)

50762993 Setpoint: (-0.539, 0.914, 0.984); Drone position: (-0.551, 0.842, 0.997)

50763088 Setpoint: (-0.551, 0.842, 0.997); Drone position: (-0.571, 0.726, 1.023)

50763184 Setpoint: (-0.571, 0.726, 1.023); Drone position: (-0.578, 0.681, 1.031)

50763298 Setpoint: (-0.578, 0.681, 1.031); Drone position: (-0.591, 0.601, 1.046)

50763373 Setpoint: (-0.591, 0.601, 1.046); Drone position: (-0.597, 0.559, 1.054)

50763489 Setpoint: (-0.597, 0.559, 1.054); Drone position: (-0.602, 0.518, 1.060)

50763574 Setpoint: (-0.602, 0.518, 1.060); Drone position: (-0.612, 0.448, 1.069)

50763681 Setpoint: (-0.612, 0.448, 1.069); Drone position: (-0.618, 0.402, 1.074)

50763799 Setpoint: (-0.618, 0.402, 1.074); Drone position: (-0.628, 0.362, 1.075)

50763882 Setpoint: (-0.628, 0.362, 1.075); Drone position: (-0.634, 0.350, 1.075)

50763985 Setpoint: (-0.634, 0.350, 1.075); Drone position: (-0.641, 0.343, 1.073)

50764074 Setpoint: (-0.641, 0.343, 1.073); Drone position: (-0.653, 0.338, 1.069)

50764189 Setpoint: (-0.653, 0.338, 1.069); Drone position: (-0.677, 0.323, 1.057)

50764288 Setpoint: (-0.677, 0.323, 1.057); Drone position: (-0.697, 0.300, 1.046)

50764379 Setpoint: (-0.697, 0.300, 1.046); Drone position: (-0.685, 0.314, 1.039)

50764480 Setpoint: (-0.685, 0.314, 1.039); Drone position: (-0.682, 0.312, 1.036)

50764580 Setpoint: (-0.682, 0.312, 1.036); Drone position: (-0.683, 0.316, 1.039)

50764677 Setpoint: (-0.683, 0.316, 1.039); Drone position: (-0.686, 0.315, 1.040)

50764781 Setpoint: (-0.686, 0.315, 1.040); Drone position: (-0.697, 0.315, 1.040)

50764876 Setpoint: (-0.697, 0.315, 1.040); Drone position: (-0.700, 0.316, 1.039)

50764981 Setpoint: (-0.700, 0.316, 1.039); Drone position: (-0.707, 0.317, 1.038)

50765082 Setpoint: (-0.707, 0.317, 1.038); Drone position: (-0.713, 0.318, 1.036)

50765199 Setpoint: (-0.713, 0.318, 1.036); Drone position: (-0.720, 0.320, 1.033)

50765289 Setpoint: (-0.720, 0.320, 1.033); Drone position: (-0.721, 0.320, 1.033)

50765389 Setpoint: (-0.721, 0.320, 1.033); Drone position: (-0.728, 0.321, 1.029)

50765490 Setpoint: (-0.728, 0.321, 1.029); Drone position: (-0.730, 0.321, 1.026)

50765581 Setpoint: (-0.730, 0.321, 1.026); Drone position: (-0.732, 0.321, 1.024)

50765688 Setpoint: (-0.732, 0.321, 1.024); Drone position: (-0.735, 0.321, 1.021)

50765782 Setpoint: (-0.735, 0.321, 1.021); Drone position: (-0.736, 0.320, 1.019)

50765884 Setpoint: (-0.736, 0.320, 1.019); Drone position: (-0.738, 0.320, 1.016)

50765983 Setpoint: (-0.738, 0.320, 1.016); Drone position: (-0.739, 0.320, 1.015)

50766082 Setpoint: (-0.739, 0.320, 1.015); Drone position: (-0.740, 0.319, 1.013)

50766182 Setpoint: (-0.740, 0.319, 1.013); Drone position: (-0.741, 0.319, 1.012)

50766267 Setpoint: (-0.741, 0.319, 1.012); Drone position: (-0.742, 0.319, 1.011)

50766397 Setpoint: (-0.742, 0.319, 1.011); Drone position: (-0.743, 0.318, 1.010)

50766430 Setpoint: (-0.743, 0.318, 1.010); Drone position: (-0.743, 0.317, 1.010)

50766430 Setpoint: (-0.743, 0.318, 1.010); Drone position: (-0.743, 0.317, 1.010)

50766430 Setpoint: (-0.743, 0.318, 1.010); Drone position: (-0.743, 0.317, 1.010)

50766430 Setpoint: (-0.743, 0.318, 1.010); Drone position: (-0.743, 0.317, 1.010)

50766430 Setpoint: (-0.743, 0.318, 1.010); Drone position: (-0.743, 0.317, 1.010)

50766430 Setpoint: (-0.743, 0.318, 1.010); Drone position: (-0.743, 0.317, 1.010)

50766430 Setpoint: (-0.743, 0.318, 1.010); Drone position: (-0.743, 0.317, 1.010)

50766430 Setpoint: (-0.743, 0.318, 1.010); Drone position: (-0.743, 0.317, 1.010)

50766430 Setpoint: (-0.743, 0.318, 1.010); Drone position: (-0.743, 0.317, 1.010)

50766430 Setpoint: (-0.743, 0.318, 1.010); Drone position: (-0.743, 0.317, 1.010)

50766430 Setpoint: (-0.743, 0.318, 1.010); Drone position: (-0.743, 0.317, 1.010)

50766430 Setpoint: (-0.743, 0.318, 1.010); Drone position: (-0.743, 0.317, 1.010)

50766430 Setpoint: (-0.743, 0.318, 1.010); Drone position: (-0.743, 0.317, 1.010)

50766430 Setpoint: (-0.743, 0.318, 1.010); Drone position: (-0.743, 0.317, 1.010)

50766430 Setpoint: (-0.743, 0.318, 1.010); Drone position: (-0.743, 0.317, 1.010)

50766430 Setpoint: (-0.743, 0.318, 1.010); Drone position: (-0.743, 0.317, 1.010)

50766430 Setpoint: (-0.743, 0.318, 1.010); Drone position: (-0.743, 0.317, 1.010)

50766430 Setpoint: (-0.743, 0.318, 1.010); Drone position: (-0.743, 0.317, 1.010)

50766430 Setpoint: (-0.743, 0.318, 1.010); Drone position: (-0.743, 0.317, 1.010)

50766430 Setpoint: (-0.743, 0.318, 1.010); Drone position: (-0.743, 0.317, 1.010)

50766430 Setpoint: (-0.743, 0.318, 1.010); Drone position: (-0.743, 0.317, 1.010)

50766430 Setpoint: (-0.743, 0.318, 1.010); Drone position: (-0.743, 0.317, 1.010)

50766430 Setpoint: (-0.743, 0.318, 1.010); Drone position: (-0.743, 0.317, 1.010)

50766430 Setpoint: (-0.743, 0.318, 1.010); Drone position: (-0.743, 0.317, 1.010)

50766430 Setpoint: (-0.743, 0.318, 1.010); Drone position: (-0.743, 0.317, 1.010)

50766430 Setpoint: (-0.743, 0.318, 1.010); Drone position: (-0.743, 0.317, 1.010)

50766430 Setpoint: (-0.743, 0.318, 1.010); Drone position: (-0.743, 0.317, 1.010)

50766430 Setpoint: (-0.743, 0.318, 1.010); Drone position: (-0.743, 0.317, 1.010)

50766430 Setpoint: (-0.743, 0.318, 1.010); Drone position: (-0.743, 0.317, 1.010)

50766430 Setpoint: (-0.743, 0.318, 1.010); Drone position: (-0.743, 0.317, 1.010)

50766430 Setpoint: (-0.743, 0.318, 1.010); Drone position: (-0.743, 0.317, 1.010)

50766430 Setpoint: (-0.743, 0.318, 1.010); Drone position: (-0.743, 0.317, 1.010)

50766430 Setpoint: (-0.743, 0.318, 1.010); Drone position: (-0.743, 0.317, 1.010)

50766430 Setpoint: (-0.743, 0.318, 1.010); Drone position: (-0.743, 0.317, 1.010)

50766430 Setpoint: (-0.743, 0.318, 1.010); Drone position: (-0.743, 0.317, 1.010)

50766430 Setpoint: (-0.743, 0.318, 1.010); Drone position: (-0.743, 0.317, 1.010)

50766430 Setpoint: (-0.743, 0.318, 1.010); Drone position: (-0.743, 0.317, 1.010)

50766430 Setpoint: (-0.743, 0.318, 1.010); Drone position: (-0.743, 0.317, 1.010)

50766430 Setpoint: (-0.743, 0.318, 1.010); Drone position: (-0.743, 0.317, 1.010)

50766430 Setpoint: (-0.743, 0.318, 1.010); Drone position: (-0.743, 0.317, 1.010)

50766430 Setpoint: (-0.743, 0.318, 1.010); Drone position: (-0.743, 0.317, 1.010)

50766430 Setpoint: (-0.743, 0.318, 1.010); Drone position: (-0.743, 0.317, 1.010)

50766430 Setpoint: (-0.743, 0.318, 1.010); Drone position: (-0.743, 0.317, 1.010)

50766430 Setpoint: (-0.743, 0.318, 1.010); Drone position: (-0.743, 0.317, 1.010)

50766430 Setpoint: (-0.743, 0.318, 1.010); Drone position: (-0.743, 0.317, 1.010)

50766430 Setpoint: (-0.743, 0.318, 1.010); Drone position: (-0.743, 0.317, 1.010)

50766430 Setpoint: (-0.743, 0.318, 1.010); Drone position: (-0.743, 0.317, 1.010)

50766430 Setpoint: (-0.743, 0.318, 1.010); Drone position: (-0.743, 0.317, 1.010)

50766430 Setpoint: (-0.743, 0.318, 1.010); Drone position: (-0.743, 0.317, 1.010)

50766430 Setpoint: (-0.743, 0.318, 1.010); Drone position: (-0.743, 0.317, 1.010)

50766430 Setpoint: (-0.743, 0.318, 1.010); Drone position: (-0.743, 0.317, 1.010)

50766430 Setpoint: (-0.743, 0.318, 1.010); Drone position: (-0.743, 0.317, 1.010)

50766430 Setpoint: (-0.743, 0.318, 1.010); Drone position: (-0.743, 0.317, 1.010)

50766430 Setpoint: (-0.743, 0.318, 1.010); Drone position: (-0.743, 0.317, 1.010)

50766430 Setpoint: (-0.743, 0.318, 1.010); Drone position: (-0.743, 0.317, 1.010)

50766430 Setpoint: (-0.743, 0.318, 1.010); Drone position: (-0.743, 0.317, 1.010)

50766430 Setpoint: (-0.743, 0.318, 1.010); Drone position: (-0.743, 0.317, 1.010)

50766430 Setpoint: (-0.743, 0.318, 1.010); Drone position: (-0.743, 0.317, 1.010)

50766430 Setpoint: (-0.743, 0.318, 1.010); Drone position: (-0.743, 0.317, 1.010)

50766430 Setpoint: (-0.743, 0.318, 1.010); Drone position: (-0.743, 0.317, 1.010)

50766430 Setpoint: (-0.743, 0.318, 1.010); Drone position: (-0.743, 0.317, 1.010)

50766430 Setpoint: (-0.743, 0.318, 1.010); Drone position: (-0.743, 0.317, 1.010)

50766430 Setpoint: (-0.743, 0.318, 1.010); Drone position: (-0.743, 0.317, 1.010)

50766430 Setpoint: (-0.743, 0.318, 1.010); Drone position: (-0.743, 0.317, 1.010)

50766430 Setpoint: (-0.743, 0.318, 1.010); Drone position: (-0.743, 0.317, 1.010)

50766430 Setpoint: (-0.743, 0.318, 1.010); Drone position: (-0.743, 0.317, 1.010)

50766430 Setpoint: (-0.743, 0.318, 1.010); Drone position: (-0.743, 0.317, 1.010)

50766430 Setpoint: (-0.743, 0.318, 1.010); Drone position: (-0.743, 0.317, 1.010)

50766430 Setpoint: (-0.743, 0.318, 1.010); Drone position: (-0.743, 0.317, 1.010)

50766430 Setpoint: (-0.743, 0.318, 1.010); Drone position: (-0.743, 0.317, 1.010)

50766430 Setpoint: (-0.743, 0.318, 1.010); Drone position: (-0.743, 0.317, 1.010)

50766430 Setpoint: (-0.743, 0.318, 1.010); Drone position: (-0.743, 0.317, 1.010)

50766430 Setpoint: (-0.743, 0.318, 1.010); Drone position: (-0.743, 0.317, 1.010)

50766430 Setpoint: (-0.743, 0.318, 1.010); Drone position: (-0.743, 0.317, 1.010)

50766430 Setpoint: (-0.743, 0.318, 1.010); Drone position: (-0.743, 0.317, 1.010)

50766430 Setpoint: (-0.743, 0.318, 1.010); Drone position: (-0.743, 0.317, 1.010)

50766430 Setpoint: (-0.743, 0.318, 1.010); Drone position: (-0.743, 0.317, 1.010)

50766430 Setpoint: (-0.743, 0.318, 1.010); Drone position: (-0.743, 0.317, 1.010)

50766430 Setpoint: (-0.743, 0.318, 1.010); Drone position: (-0.743, 0.317, 1.010)

50766430 Setpoint: (-0.743, 0.318, 1.010); Drone position: (-0.743, 0.317, 1.010)

50766430 Setpoint: (-0.743, 0.318, 1.010); Drone position: (-0.743, 0.317, 1.010)

50766430 Setpoint: (-0.743, 0.318, 1.010); Drone position: (-0.743, 0.317, 1.010)

50766430 Setpoint: (-0.743, 0.318, 1.010); Drone position: (-0.743, 0.317, 1.010)

50766430 Setpoint: (-0.743, 0.318, 1.010); Drone position: (-0.743, 0.317, 1.010)

50766430 Setpoint: (-0.743, 0.318, 1.010); Drone position: (-0.743, 0.317, 1.010)

50766430 Setpoint: (-0.743, 0.318, 1.010); Drone position: (-0.743, 0.317, 1.010)

50766430 Setpoint: (-0.743, 0.318, 1.010); Drone position: (-0.743, 0.317, 1.010)

50766430 Setpoint: (-0.743, 0.318, 1.010); Drone position: (-0.743, 0.317, 1.010)

50766430 Setpoint: (-0.743, 0.318, 1.010); Drone position: (-0.743, 0.317, 1.010)

50766430 Setpoint: (-0.743, 0.318, 1.010); Drone position: (-0.743, 0.317, 1.010)

50766430 Setpoint: (-0.743, 0.318, 1.010); Drone position: (-0.743, 0.317, 1.010)

50766430 Setpoint: (-0.743, 0.318, 1.010); Drone position: (-0.743, 0.317, 1.010)

50766430 Setpoint: (-0.743, 0.318, 1.010); Drone position: (-0.743, 0.317, 1.010)

50766430 Setpoint: (-0.743, 0.318, 1.010); Drone position: (-0.743, 0.317, 1.010)

50766430 Setpoint: (-0.743, 0.318, 1.010); Drone position: (-0.743, 0.317, 1.010)

50766430 Setpoint: (-0.743, 0.318, 1.010); Drone position: (-0.743, 0.317, 1.010)

50766430 Setpoint: (-0.743, 0.318, 1.010); Drone position: (-0.743, 0.317, 1.010)

50766430 Setpoint: (-0.743, 0.318, 1.010); Drone position: (-0.743, 0.317, 1.010)

50766430 Setpoint: (-0.743, 0.318, 1.010); Drone position: (-0.743, 0.317, 1.010)

50766430 Setpoint: (-0.743, 0.318, 1.010); Drone position: (-0.743, 0.317, 1.010)

50766430 Setpoint: (-0.743, 0.318, 1.010); Drone position: (-0.743, 0.317, 1.010)

50766430 Setpoint: (-0.743, 0.318, 1.010); Drone position: (-0.743, 0.317, 1.010)

50766430 Setpoint: (-0.743, 0.318, 1.010); Drone position: (-0.743, 0.317, 1.010)

50766430 Setpoint: (-0.743, 0.318, 1.010); Drone position: (-0.743, 0.317, 1.010)

50766430 Setpoint: (-0.743, 0.318, 1.010); Drone position: (-0.743, 0.317, 1.010)

50766430 Setpoint: (-0.743, 0.318, 1.010); Drone position: (-0.743, 0.317, 1.010)

50766430 Setpoint: (-0.743, 0.318, 1.010); Drone position: (-0.743, 0.317, 1.010)

50766430 Setpoint: (-0.743, 0.318, 1.010); Drone position: (-0.743, 0.317, 1.010)

50766430 Setpoint: (-0.743, 0.318, 1.010); Drone position: (-0.743, 0.317, 1.010)

50766430 Setpoint: (-0.743, 0.318, 1.010); Drone position: (-0.743, 0.317, 1.010)

50766430 Setpoint: (-0.743, 0.318, 1.010); Drone position: (-0.743, 0.317, 1.010)

50766430 Setpoint: (-0.743, 0.318, 1.010); Drone position: (-0.743, 0.317, 1.010)

50766430 Setpoint: (-0.743, 0.318, 1.010); Drone position: (-0.743, 0.317, 1.010)

50766430 Setpoint: (-0.743, 0.318, 1.010); Drone position: (-0.743, 0.317, 1.010)

50766430 Setpoint: (-0.743, 0.318, 1.010); Drone position: (-0.743, 0.317, 1.010)

50766430 Setpoint: (-0.743, 0.318, 1.010); Drone position: (-0.743, 0.317, 1.010)

50766430 Setpoint: (-0.743, 0.318, 1.010); Drone position: (-0.743, 0.317, 1.010)

50766430 Setpoint: (-0.743, 0.318, 1.010); Drone position: (-0.743, 0.317, 1.010)

50766430 Setpoint: (-0.743, 0.318, 1.010); Drone position: (-0.743, 0.317, 1.010)

50766430 Setpoint: (-0.743, 0.318, 1.010); Drone position: (-0.743, 0.317, 1.010)

50766430 Setpoint: (-0.743, 0.318, 1.010); Drone position: (-0.743, 0.317, 1.010)

50766430 Setpoint: (-0.743, 0.318, 1.010); Drone position: (-0.743, 0.317, 1.010)

50766430 Setpoint: (-0.743, 0.318, 1.010); Drone position: (-0.743, 0.317, 1.010)

50766430 Setpoint: (-0.743, 0.318, 1.010); Drone position: (-0.743, 0.317, 1.010)

50766430 Setpoint: (-0.743, 0.318, 1.010); Drone position: (-0.743, 0.317, 1.010)

50766430 Setpoint: (-0.743, 0.318, 1.010); Drone position: (-0.743, 0.317, 1.010)

50766430 Setpoint: (-0.743, 0.318, 1.010); Drone position: (-0.743, 0.317, 1.010)

50766430 Setpoint: (-0.743, 0.318, 1.010); Drone position: (-0.743, 0.317, 1.010)

50766430 Setpoint: (-0.743, 0.318, 1.010); Drone position: (-0.743, 0.317, 1.010)

50766430 Setpoint: (-0.743, 0.318, 1.010); Drone position: (-0.743, 0.317, 1.010)

50766430 Setpoint: (-0.743, 0.318, 1.010); Drone position: (-0.743, 0.317, 1.010)

50766430 Setpoint: (-0.743, 0.318, 1.010); Drone position: (-0.743, 0.317, 1.010)

50766430 Setpoint: (-0.743, 0.318, 1.010); Drone position: (-0.743, 0.317, 1.010)

50766430 Setpoint: (-0.743, 0.318, 1.010); Drone position: (-0.743, 0.317, 1.010)

50766430 Setpoint: (-0.743, 0.318, 1.010); Drone position: (-0.743, 0.317, 1.010)

50766430 Setpoint: (-0.743, 0.318, 1.010); Drone position: (-0.743, 0.317, 1.010)

50766430 Setpoint: (-0.743, 0.318, 1.010); Drone position: (-0.743, 0.317, 1.010)

50766430 Setpoint: (-0.743, 0.318, 1.010); Drone position: (-0.743, 0.317, 1.010)

50766430 Setpoint: (-0.743, 0.318, 1.010); Drone position: (-0.743, 0.317, 1.010)

50766430 Setpoint: (-0.743, 0.318, 1.010); Drone position: (-0.743, 0.317, 1.010)

50766430 Setpoint: (-0.743, 0.318, 1.010); Drone position: (-0.743, 0.317, 1.010)

50766430 Setpoint: (-0.743, 0.318, 1.010); Drone position: (-0.743, 0.317, 1.010)

50766430 Setpoint: (-0.743, 0.318, 1.010); Drone position: (-0.743, 0.317, 1.010)

50766430 Setpoint: (-0.743, 0.318, 1.010); Drone position: (-0.743, 0.317, 1.010)

50766430 Setpoint: (-0.743, 0.318, 1.010); Drone position: (-0.743, 0.317, 1.010)

50766430 Setpoint: (-0.743, 0.318, 1.010); Drone position: (-0.743, 0.317, 1.010)

50766430 Setpoint: (-0.743, 0.318, 1.010); Drone position: (-0.743, 0.317, 1.010)

50766430 Setpoint: (-0.743, 0.318, 1.010); Drone position: (-0.743, 0.317, 1.010)

50766430 Setpoint: (-0.743, 0.318, 1.010); Drone position: (-0.743, 0.317, 1.010)

50766430 Setpoint: (-0.743, 0.318, 1.010); Drone position: (-0.743, 0.317, 1.010)

50766430 Setpoint: (-0.743, 0.318, 1.010); Drone position: (-0.743, 0.317, 1.010)

50766430 Setpoint: (-0.743, 0.318, 1.010); Drone position: (-0.743, 0.317, 1.010)

50766430 Setpoint: (-0.743, 0.318, 1.010); Drone position: (-0.743, 0.317, 1.010)

50766430 Setpoint: (-0.743, 0.318, 1.010); Drone position: (-0.743, 0.317, 1.010)

50766430 Setpoint: (-0.743, 0.318, 1.010); Drone position: (-0.743, 0.317, 1.010)

